0.74
0.81
1.26
0.71
0.31
0.6
0.46
0.31
0.62
1.25
0.58
0.32
0.55
0.87
0.66
0.83
0.92
0.22
0.1
1.16
0.81
0.49
0.37
0.69
0.01
0.53
0.67
0.4
0.24
0.81
0.48
0.77
0.71
0.92
0.5
0.58
0.79
0.59
0.76
0.42
0.72
0.44
0.49
0.25
0.84
0.88
0.72
0.38
0.77
1.07
1.55
0.45
0.58
0.94
0.55
0.63
1.12
0.56
0.34
0.58
0.21
1.28
1.4
0.67
0.75
0.82
0.54
0.2
0.98
0.52
0.24
0.91
0.31
0.48
0.6
0.54
0.38
0.65
0.77
1.16
0.52
0.74
0.55
0.41
0.87
0.58
-0.16
0.23
0.21
0.94
1.23
0.83
0.52
0.67
0.67
0.59
0.84
0.69
1.32
0.13
0.56
0.88
0.56
0.37
1.38
0.64
0.97
0.35
0.47
1.12
0.78
0.72
0.34
1.03
1.16
0.83
0.4
0.63
0.67
0.93
0.49
0.46
0.42
1.43
0.55
0.57
0.49
0.12
0.42
0.36
0.75
0.73
0.22
0.53
0.22
0.67
0.58
0.98
0.65
0.67
0.81
0.47
0.61
0.94
0.6
0.55
0.73
0.74
0.1
0.48
0.76
0.42
0.63
0.57
0.31
0.38
0.87
0.81
0.46
0.34
0.49
0.05
0.63
0.73
1.06
0.7
0.79
0.72
0.61
0.42
1.42
0.67
1.06
0.71
0.83
0.77
0.51
0.95
0.61
0.09
0.92
0.89
0.66
1.02
0.24
0.66
0.94
0.61
0.19
0.67
0.28
0.78
0.82
0.7
0.91
1.04
-0.16
0.65
0.41
0.08
0.59
1.26
0.52
1.06
0.22
0.99
1.39
0.87
0.15
0.83
0.9
0.58
0.52
1.27
1.11
0.62
0.37
0.16
0.33
0.27
0.43
1.14
0.7
0.94
0.87
0.94
0.41
0.4
0.45
1.41
1.1
0.98
0.4
0.22
0.89
0.73
0.35
0.61
0.61
1.04
0.16
0.77
0.65
0.66
0.66
0.37
0.35
0.85
0.79
0.64
0.49
0.2
0.87
0.28
0.9
0.91
0.35
0.29
0.5
0.56
0.48
0.41
0.1
1.0
0.47
0.68
0.14
0.47
0.89
0.45
0.6
0.71
0.88
1.01
0.28
0.42
0.19
0.52
0.61
1.02
0.34
0.55
0.59
0.56
0.65
0.9
0.32
0.91
0.39
0.84
0.58
1.26
1.24
0.6
0.39
0.54
0.43
0.85
1.0
0.5
0.92
0.96
0.29
0.98
0.45
0.77
0.53
0.6
0.1
1.1
0.2
1.51
0.73
-0.15
1.03
-0.16
0.18
-0.02
0.98
0.84
0.33
0.99
0.31
0.35
0.98
1.25
0.8
1.51
0.59
1.11
0.56
0.42
0.46
1.19
0.8
0.74
0.57
0.48
0.75
0.26
0.55
0.15
0.31
1.03
0.45
0.59
0.86
1.22
0.38
0.93
0.87
-0.15
0.61
0.86
0.43
0.46
0.54
1.02
0.82
0.7
0.87
0.77
0.7
0.46
0.63
1.11
0.77
0.61
0.22
0.17
0.18
0.67
1.33
0.62
0.53
0.31
0.89
0.97
1.11
0.99
1.11
0.7
1.29
1.14
0.8
0.65
0.36
0.72
0.39
0.69
0.86
1.4
0.98
0.72
0.05
1.21
0.35
1.54
1.28
0.85
0.38
0.55
1.37
0.83
0.94
0.88
0.44
0.69
0.49
0.68
0.51
0.76
0.63
0.77
0.96
0.41
0.48
0.84
0.49
0.25
0.64
0.5
-0.15
0.34
1.11
0.68
0.4
0.77
0.52
1.52
0.87
0.5
0.6
0.59
0.99
0.93
0.7
0.66
0.36
0.84
0.65
0.68
0.36
0.92
0.84
0.72
0.7
0.48
0.52
1.1
0.81
0.13
0.52
0.38
0.52
0.52
0.78
0.86
0.25
0.59
0.84
0.45
0.26
0.66
0.18
0.55
0.64
0.69
0.56
1.08
0.81
0.74
0.58
1.36
-0.15
0.07
1.01
0.67
1.03
0.43
0.64
1.28
0.21
0.82
0.63
0.96
0.61
0.58
0.42
0.46
0.66
0.98
1.11
0.44
1.01
0.38
0.5
0.26
0.82
0.13
0.3
0.87
0.41
0.67
1.22
0.54
0.43
0.84
0.46
0.42
0.56
1.02
0.91
0.85
0.58
0.93
0.59
0.92
0.52
1.2
0.49
1.08
0.79
0.62
0.03
0.66
0.46
0.12
0.66
0.61
1.01
0.87
0.44
0.73
0.54
0.74
0.79
0.76
0.34
0.42
0.47
0.29
0.2
1.16
0.28
0.56
0.76
0.44
0.7
0.54
0.72
0.44
0.69
0.87
0.68
0.78
0.47
0.92
0.62
0.23
0.78
0.85
0.08
1.07
0.83
0.57
0.59
0.85
0.51
0.42
0.67
0.29
1.05
0.48
0.37
0.15
0.37
1.04
0.53
0.08
0.32
1.11
1.49
0.53
0.73
0.1
0.44
0.24
0.47
0.51
0.34
0.64
0.29
0.83
0.38
1.27
0.64
0.18
0.52
1.07
0.62
-0.15
0.88
0.85
0.43
0.54
0.72
0.85
0.58
0.21
0.59
0.8
0.92
0.59
0.91
0.21
0.86
0.85
0.18
0.95
0.76
0.38
0.55
0.44
0.24
1.05
0.34
0.61
0.36
0.64
0.46
0.05
1.13
0.47
0.94
0.76
1.06
0.6
0.38
0.83
0.31
0.8
0.54
0.98
0.52
0.77
0.69
0.47
1.01
0.09
0.39
0.09
0.51
0.72
1.29
1.05
0.84
0.74
0.43
0.74
0.09
0.34
0.97
0.6
0.8
-0.17
0.66
0.58
0.37
0.79
0.04
1.05
0.62
0.72
0.78
1.26
0.89
0.3
0.81
1.16
0.92
0.16
0.85
0.74
0.24
0.65
0.55
0.78
0.96
1.29
0.54
1.33
0.61
0.71
0.37
0.63
-0.03
0.24
0.63
0.69
1.46
0.8
0.28
0.71
0.28
0.85
0.66
1.37
0.97
0.5
0.58
0.5
0.81
1.02
1.07
0.86
1.15
0.55
0.22
0.26
0.13
0.07
0.64
0.65
0.41
0.4
0.34
0.12
0.16
0.79
1.23
0.41
0.27
1.06
0.07
1.01
0.38
0.55
0.51
0.05
0.67
0.55
0.76
0.46
0.54
0.45
0.1
0.83
0.79
0.78
0.42
0.48
0.19
0.54
0.55
0.89
0.16
0.4
0.63
0.47
0.14
0.93
0.51
0.87
0.68
1.16
0.47
0.64
0.85
1.07
0.43
0.5
0.64
0.97
0.44
1.12
0.03
1.27
-0.15
0.2
0.94
0.62
0.79
0.55
-0.16
0.63
0.3
0.8
0.39
0.53
0.42
0.68
0.43
1.02
0.63
1.25
0.31
0.4
0.55
0.67
1.13
1.16
0.89
0.47
-0.02
0.52
0.8
0.12
0.4
0.46
0.38
0.9
0.63
0.15
0.55
0.65
0.1
0.6
0.0
0.69
0.69
0.79
1.16
0.62
0.76
0.37
1.01
1.15
0.22
0.7
0.88
1.07
0.19
0.78
0.91
0.71
0.91
0.24
0.75
0.5
0.15
0.86
0.76
0.26
1.03
0.14
-0.06
0.85
0.37
0.6
1.04
0.73
0.81
0.13
0.88
1.26
0.51
0.45
-0.0
0.43
0.51
0.2
0.61
0.6
0.8
0.74
0.35
0.05
0.63
0.08
0.78
0.99
1.1
0.63
0.5
0.26
0.67
1.09
0.19
0.4
0.6
1.26
0.95
0.23
0.2
0.38
0.6
0.4
0.97
0.69
0.98
0.06
0.49
0.6
0.66
1.12
0.92
0.22
0.62
0.41
0.18
0.36
0.45
0.88
0.77
0.96
0.85
0.0
0.81
0.86
0.76
0.8
0.91
1.0
1.02
0.62
0.52
0.16
0.74
0.72
-0.01
0.87
1.52
0.04
0.68
1.03
0.71
0.91
0.47
0.65
0.46
0.81
0.65
0.63
0.61
0.65
1.16
0.47
0.67
0.45
0.43
0.83
0.21
0.96
1.01
0.41
0.88
0.53
1.24
0.16
0.73
0.5
0.21
0.89
1.25
0.65
1.04
0.57
0.7
0.48
0.09
0.0
1.1
0.48
0.94
1.37
0.44
0.51
0.01
0.52
0.65
0.82
0.46
0.05
0.58
0.5
0.38
0.37
0.17
1.77
0.58
0.83
1.01
-0.03
0.82
-0.05
0.72
0.28
0.04
0.21
0.07
0.8
1.0
0.98
0.66
0.66
0.91
1.17
0.12
0.69
