0.53
1.32
1.71
0.77
0.44
0.98
0.97
0.52
0.82
1.41
0.83
0.46
0.69
0.89
1.01
0.81
1.05
0.44
0.26
1.08
1.36
0.44
0.81
0.87
0.12
0.7
1.06
1.1
0.53
1.04
0.69
0.61
1.3
1.57
0.38
0.65
1.05
0.89
1.19
0.43
0.93
0.79
0.71
0.45
1.25
0.97
1.11
1.02
1.12
1.24
1.32
0.77
0.72
1.42
0.69
0.79
1.23
0.79
0.35
0.69
0.67
1.47
1.98
0.75
1.1
0.99
0.8
0.44
1.07
0.44
0.57
0.61
0.47
0.93
0.84
1.02
0.53
0.92
1.29
0.91
1.39
1.42
1.0
0.51
0.92
0.67
-0.17
0.37
0.52
0.73
1.1
1.17
0.5
0.54
0.94
0.9
1.45
0.91
1.61
0.12
0.88
0.91
1.42
0.37
1.5
0.46
1.05
0.55
0.68
1.12
0.82
1.37
0.44
1.46
1.61
1.54
0.55
1.17
0.84
0.83
0.42
0.64
0.51
1.98
1.09
0.75
0.49
0.19
0.88
0.51
1.23
1.11
0.2
0.6
0.2
1.09
0.3
1.14
0.66
1.01
1.23
0.59
0.91
0.9
0.67
0.85
1.44
1.09
0.09
0.65
1.07
0.55
0.75
0.64
0.69
0.39
1.06
1.08
0.66
0.65
0.35
0.15
0.96
1.08
1.08
0.97
0.97
0.82
0.62
0.46
1.79
0.96
1.0
1.08
1.22
0.91
0.58
1.0
0.8
0.18
1.32
0.82
0.92
1.94
0.42
1.05
0.97
0.92
0.18
0.96
0.05
1.4
0.98
1.27
1.31
1.33
-0.16
0.68
0.82
0.21
0.58
1.32
0.89
1.22
0.94
1.75
1.48
1.04
0.37
1.41
1.02
0.84
1.07
2.25
1.01
0.72
0.63
0.12
0.76
0.58
0.84
1.23
0.91
1.37
1.09
1.08
0.46
0.81
0.42
1.81
1.3
1.61
0.67
0.27
1.44
0.71
0.35
0.59
1.08
1.57
0.74
0.92
0.78
0.79
0.85
0.56
0.6
1.24
1.08
0.64
0.74
0.46
1.26
0.61
1.29
1.35
0.69
0.5
0.77
0.34
1.12
0.34
0.19
0.95
0.98
0.79
0.12
0.95
0.84
0.44
1.08
0.59
1.07
0.86
0.54
1.0
0.26
0.74
0.69
1.47
0.57
0.66
1.16
0.58
1.13
0.83
0.57
1.13
0.51
1.21
1.14
1.84
1.18
0.7
0.59
0.64
0.67
1.49
1.78
0.41
1.12
1.61
0.34
1.09
0.52
1.16
1.08
0.95
0.02
1.15
0.45
2.06
1.5
-0.17
1.37
-0.17
0.42
0.34
1.14
1.06
0.76
1.44
0.92
0.58
0.77
1.7
0.85
1.9
0.67
1.56
0.77
0.76
0.81
1.56
0.8
0.92
0.73
0.84
1.21
0.38
0.47
0.34
0.27
1.39
1.01
0.9
1.16
1.46
0.61
1.12
0.79
-0.17
0.74
1.11
1.04
0.64
0.85
1.34
0.9
1.08
0.86
1.3
0.76
0.69
0.6
1.42
0.7
0.92
0.25
0.35
0.18
0.84
2.04
0.99
0.86
0.55
1.22
1.04
1.55
1.39
1.96
0.22
1.47
1.83
0.7
0.91
0.42
0.69
0.45
0.61
1.26
1.77
1.14
0.74
0.09
1.62
0.55
1.52
1.89
1.12
0.81
0.64
1.94
0.75
1.33
1.49
0.8
1.11
1.04
1.41
1.29
1.22
0.86
0.9
1.25
0.71
0.44
1.34
0.72
0.38
1.13
0.75
-0.16
1.01
1.31
0.99
0.54
0.71
0.81
1.92
1.11
0.72
0.62
0.86
1.06
0.86
0.68
0.85
0.48
0.77
0.82
0.8
0.51
0.66
1.0
0.74
1.03
0.68
0.72
1.42
0.72
0.19
0.99
0.62
0.58
0.81
1.17
1.48
0.39
1.02
1.33
1.12
0.51
0.77
0.08
0.82
0.84
1.33
0.58
1.34
1.03
0.88
0.83
1.48
-0.14
0.13
1.5
0.83
1.76
0.74
0.88
1.33
0.17
0.91
0.8
1.24
0.49
1.19
0.58
0.89
1.08
1.23
1.36
0.35
1.2
0.54
1.04
0.43
1.12
0.04
0.58
1.09
0.72
1.18
1.39
0.76
0.89
0.88
0.49
0.68
0.62
1.23
1.48
1.07
0.72
1.11
0.89
1.15
0.83
1.66
0.72
1.14
0.93
0.97
0.04
1.02
0.73
0.12
0.98
1.46
0.81
1.03
0.53
1.18
0.81
0.85
1.29
1.53
0.68
0.59
0.63
0.33
0.2
1.93
0.47
0.85
1.13
1.01
0.74
0.73
1.3
0.4
1.0
1.23
0.46
1.01
0.64
0.88
1.07
0.54
1.02
0.52
0.19
1.06
0.93
0.88
0.86
0.74
0.74
0.45
1.3
0.68
1.25
0.66
0.67
0.23
0.67
1.4
0.73
0.26
0.34
1.49
1.66
0.63
0.79
0.42
0.5
0.56
0.88
0.79
0.72
0.57
0.5
0.81
0.64
0.9
0.91
0.42
0.57
1.26
0.3
-0.17
1.17
0.46
0.54
1.16
0.87
0.69
0.69
0.32
0.75
0.96
1.34
0.48
0.96
0.42
1.09
1.12
0.33
1.34
0.93
0.75
0.8
0.72
0.53
1.25
0.57
0.9
0.44
0.79
0.72
0.02
1.42
0.53
1.43
0.9
1.09
0.59
0.68
1.36
0.35
1.25
0.86
1.13
1.26
1.11
0.99
0.52
1.06
0.43
0.69
0.01
0.58
0.89
1.15
1.72
0.91
1.07
0.82
0.87
0.14
0.41
1.24
1.07
1.01
-0.16
1.05
0.64
0.35
0.97
0.19
1.01
0.86
0.93
1.03
1.25
1.31
0.14
0.86
1.54
1.14
0.33
1.34
0.78
0.4
0.81
0.98
0.83
0.71
1.12
0.54
2.03
1.03
0.68
0.5
1.17
0.27
0.53
1.01
1.13
1.31
1.05
0.25
0.91
0.47
1.0
0.83
1.25
1.31
0.8
0.89
0.71
1.06
1.17
1.51
0.73
0.95
0.51
0.58
0.37
0.14
-0.02
0.85
1.0
0.59
0.27
0.51
0.24
0.22
0.91
1.29
0.71
0.5
1.43
-0.02
1.34
0.62
0.99
0.88
0.4
1.21
0.91
0.75
0.53
0.69
0.7
0.13
1.16
0.66
0.67
0.36
0.41
0.29
0.95
0.82
1.65
0.36
0.61
0.63
0.81
0.24
1.16
0.46
1.31
1.22
1.25
0.39
1.27
1.0
1.29
0.5
0.66
0.88
1.21
0.94
1.72
0.2
1.35
-0.16
0.45
1.58
1.03
0.79
0.6
-0.16
0.85
0.32
1.26
0.67
1.1
0.8
0.73
0.8
1.23
1.19
1.82
0.68
0.43
1.08
1.08
1.38
1.39
1.68
0.74
0.11
0.44
0.84
0.09
0.17
0.92
0.62
1.24
1.01
0.39
0.74
0.96
0.24
0.98
0.05
1.16
1.21
0.74
1.38
0.79
0.72
0.75
1.33
1.62
0.21
0.83
0.91
0.88
0.43
1.18
0.93
0.86
0.76
0.38
0.95
0.75
0.44
0.87
1.12
0.39
1.14
0.66
0.21
0.84
0.51
1.3
1.3
0.51
1.08
0.07
1.57
1.58
1.05
0.7
0.14
0.45
0.73
0.3
0.76
0.75
1.15
1.31
0.39
0.08
0.91
0.26
1.18
1.21
1.04
0.77
0.5
0.51
0.95
1.71
0.14
0.8
0.89
2.17
1.52
0.38
0.23
0.42
0.36
0.58
1.1
0.57
1.23
0.2
1.52
0.78
0.52
1.55
1.4
0.42
0.69
0.43
0.65
0.47
0.75
0.99
1.26
0.87
1.26
-0.0
1.4
1.0
1.2
1.01
0.92
1.51
1.58
1.11
0.81
0.21
1.16
1.15
0.29
0.59
1.15
0.23
0.73
1.65
0.72
0.95
0.35
0.8
1.2
1.04
1.15
0.83
0.39
0.7
1.35
0.27
0.51
0.53
0.54
1.1
0.15
0.73
0.67
0.79
1.32
0.54
1.78
0.32
0.93
0.67
0.61
1.2
1.18
0.54
1.3
1.0
0.98
0.64
0.31
0.12
1.02
0.01
1.1
1.82
0.76
0.46
-0.07
0.59
0.64
0.99
0.43
0.12
0.78
0.52
0.6
0.52
0.4
1.72
0.86
0.83
0.91
0.22
0.64
0.21
1.19
0.42
0.05
0.17
0.29
0.75
1.05
1.01
0.78
0.74
1.26
1.25
0.29
0.98
