0.75
1.62
2.21
1.31
0.63
1.32
1.38
0.67
1.49
2.07
1.26
0.73
1.46
1.64
1.08
1.27
1.39
0.74
0.4
1.84
1.63
0.82
0.97
1.17
0.35
1.05
1.43
1.11
0.79
1.66
1.18
0.98
1.54
1.29
0.96
1.0
1.52
1.42
1.69
0.68
1.15
0.98
1.0
0.77
1.2
1.46
1.47
1.21
1.52
1.89
2.54
1.1
1.11
2.07
1.04
1.71
2.01
1.27
0.39
0.83
0.84
1.65
2.19
1.28
1.28
1.35
0.99
0.77
1.3
0.79
1.01
1.31
0.68
1.24
0.96
1.32
0.71
1.37
1.74
1.64
1.5
1.57
0.95
0.86
1.56
1.22
-0.16
0.46
0.68
1.33
2.03
1.43
0.84
1.07
1.09
1.22
1.66
1.38
2.68
0.15
1.06
1.38
1.57
0.77
2.19
0.89
1.44
0.64
1.0
1.76
1.34
1.58
0.9
1.91
1.55
2.31
0.76
1.41
1.33
1.5
0.56
1.13
0.92
2.79
1.21
1.09
0.72
0.47
1.01
0.75
1.52
1.53
0.7
1.07
0.36
1.44
0.93
1.65
0.88
1.37
1.55
0.97
1.29
1.35
1.02
1.04
1.48
1.55
0.28
0.96
1.55
1.09
1.06
0.93
0.77
0.67
1.06
1.41
1.0
0.71
0.76
0.37
1.04
1.33
1.53
1.33
1.4
1.25
1.01
0.67
2.19
1.3
1.5
1.49
1.55
1.63
1.18
1.4
1.3
0.37
1.73
1.15
1.27
2.14
0.7
1.07
1.64
1.26
0.42
0.97
0.29
1.93
1.45
1.58
1.38
2.04
-0.16
1.23
1.0
0.37
1.08
1.77
1.19
1.64
1.05
1.94
1.86
1.48
0.41
1.8
1.36
1.56
1.25
2.55
1.59
0.93
1.0
0.36
1.07
1.27
0.87
1.51
1.2
2.09
1.44
1.63
0.96
1.0
0.54
2.45
2.17
2.0
1.02
0.61
1.51
1.13
0.55
0.8
1.29
2.06
0.83
1.15
1.21
1.47
1.51
1.1
1.24
1.71
1.88
1.11
1.08
0.67
1.8
0.54
1.65
1.75
0.98
0.84
1.07
0.72
1.22
0.48
0.41
1.37
1.06
1.28
0.45
1.09
1.65
0.62
1.06
1.27
1.59
1.05
0.68
1.0
0.54
1.01
1.11
1.79
0.81
1.14
1.33
0.86
1.5
1.39
0.99
1.49
0.65
1.43
1.44
2.45
1.77
0.96
1.24
1.04
0.86
1.73
2.28
0.89
1.34
1.83
0.7
1.64
0.86
1.82
1.48
1.51
0.29
2.03
0.7
2.17
1.61
-0.15
1.73
-0.16
0.56
0.35
1.6
1.54
0.62
1.7
0.94
0.88
1.38
2.31
1.22
2.45
0.97
2.29
1.04
1.11
1.28
2.13
1.64
1.58
1.07
1.0
2.0
0.72
1.25
0.61
0.54
1.8
1.17
1.29
1.42
2.02
1.02
1.61
1.29
-0.15
1.1
1.49
1.29
0.89
1.18
1.61
1.42
1.25
1.64
1.82
1.12
0.81
1.18
2.12
0.89
1.16
0.49
0.82
0.42
1.21
2.64
1.42
1.37
0.71
1.62
1.5
2.12
1.74
2.65
0.75
1.94
2.14
0.83
1.31
0.93
1.1
0.69
1.02
1.58
2.37
1.61
1.17
0.16
2.36
1.05
2.13
2.44
1.51
1.03
0.97
1.81
1.31
1.91
1.68
1.01
1.47
0.89
1.61
1.52
1.68
0.9
1.24
1.28
0.86
0.75
1.8
1.04
0.56
1.41
1.22
-0.16
1.07
1.63
1.15
0.88
1.42
1.14
2.63
1.68
1.18
1.22
1.11
1.63
1.23
0.74
1.23
0.92
1.43
1.47
1.66
0.66
1.45
1.2
1.13
1.7
1.07
0.99
2.03
1.38
0.46
1.11
0.63
0.68
0.82
1.44
2.01
0.45
1.25
1.75
1.23
0.63
1.3
0.27
1.44
1.18
1.63
0.89
1.88
1.49
1.37
1.19
2.34
-0.16
0.21
1.72
0.85
1.94
0.92
1.2
1.76
0.31
1.61
1.22
1.71
1.05
1.15
0.99
0.84
1.44
1.9
1.66
0.77
1.63
0.88
1.08
0.48
1.45
0.27
0.69
1.24
1.02
1.29
1.96
0.92
0.94
1.76
1.0
0.93
0.92
2.02
2.16
1.73
0.83
1.55
1.03
1.46
1.06
2.08
1.03
1.88
1.48
1.33
0.09
1.09
1.65
0.37
1.02
1.31
1.27
1.27
0.83
1.46
1.05
1.32
1.79
1.42
1.02
0.88
0.96
0.59
0.41
2.64
0.49
1.21
1.53
1.05
1.27
0.68
1.52
0.68
1.52
1.63
1.02
1.59
0.85
1.36
1.44
0.51
1.25
1.09
0.34
1.82
1.7
0.98
1.34
1.22
0.81
0.95
1.35
0.89
1.48
0.89
1.09
0.3
1.31
1.88
1.18
0.5
0.47
1.6
2.2
0.92
1.15
0.47
0.72
0.68
1.29
1.11
0.85
0.9
0.77
1.65
1.04
1.34
1.22
0.79
0.89
2.02
0.82
-0.16
1.67
1.19
0.83
1.33
0.88
1.25
0.87
0.82
1.08
1.25
2.03
0.7
1.54
0.62
1.79
1.29
0.33
1.74
1.37
1.15
1.2
0.85
0.73
1.23
0.86
1.42
0.76
0.91
1.05
0.18
1.86
0.89
1.57
1.6
1.88
0.78
0.88
1.52
0.65
1.63
1.05
1.42
1.31
1.44
1.13
1.01
1.31
0.68
0.89
0.22
1.11
1.28
1.45
1.86
1.63
1.34
1.07
1.11
0.21
0.51
1.49
1.41
1.46
-0.15
1.44
1.0
0.8
1.33
0.43
1.51
0.94
0.99
1.42
2.17
1.4
0.54
1.17
2.09
1.46
0.61
1.69
1.21
0.48
0.98
1.5
1.42
1.15
1.58
1.16
1.96
1.19
0.96
0.82
1.24
0.29
0.64
1.37
1.25
2.29
1.6
0.45
1.53
0.87
1.43
1.07
1.79
1.65
1.11
1.23
0.93
1.46
1.57
2.05
1.16
1.89
0.8
0.87
0.29
0.3
0.1
1.31
1.29
1.21
0.46
0.62
0.26
0.64
1.22
1.97
0.83
0.73
1.95
0.36
2.18
0.62
1.27
1.1
0.34
1.49
1.35
1.62
1.09
1.13
1.12
0.34
1.51
1.07
1.24
0.88
0.9
0.56
1.36
1.16
1.76
0.44
0.74
0.96
1.24
0.56
1.85
1.28
1.99
1.47
1.68
1.0
1.49
1.46
1.85
0.83
1.12
1.24
1.75
1.15
2.08
0.33
1.88
-0.16
0.61
2.17
1.45
1.28
1.13
-0.15
1.32
0.72
1.42
0.73
1.45
0.98
1.21
1.12
1.75
1.4
2.42
0.62
0.67
1.13
1.32
1.8
1.71
1.89
0.82
0.16
0.57
1.21
0.12
0.33
0.88
1.02
1.67
1.33
0.6
1.09
1.38
0.28
1.22
0.21
1.51
1.56
0.96
1.57
1.24
1.07
1.01
1.91
2.23
0.24
1.28
1.46
1.62
0.54
2.06
1.43
1.31
1.1
0.66
1.55
1.08
0.35
1.42
1.31
0.97
1.49
0.87
0.2
1.45
1.01
1.57
1.94
1.05
1.43
0.31
1.86
2.27
1.62
0.96
0.35
0.93
0.95
0.36
1.01
1.28
1.44
1.47
0.42
0.26
1.01
0.39
1.88
1.43
1.22
1.0
0.79
0.96
1.16
2.07
0.53
1.01
1.14
2.55
1.79
0.39
0.44
1.12
0.9
1.09
1.45
1.16
1.64
0.18
1.58
1.14
0.78
1.58
2.04
0.76
1.38
0.74
0.78
0.42
0.78
1.65
1.5
1.38
2.17
-0.01
1.4
1.35
1.31
1.16
1.61
1.56
1.81
1.45
1.04
0.32
1.51
1.51
0.37
1.2
1.73
0.5
1.11
1.88
1.04
1.45
0.65
1.02
1.24
1.41
1.55
1.26
0.68
0.86
2.26
0.9
0.94
0.73
0.68
1.56
0.62
1.19
1.53
1.25
1.39
1.08
1.95
0.58
1.62
0.84
0.73
1.41
1.67
0.98
1.44
1.48
1.39
0.95
0.2
0.4
1.84
0.28
1.53
2.12
1.17
1.1
0.14
1.03
1.17
1.29
0.78
0.21
0.87
0.92
0.96
0.79
0.5
2.65
1.25
1.16
1.67
0.44
1.21
0.3
1.52
0.42
0.3
0.64
0.43
1.65
1.23
1.19
1.34
1.23
1.61
2.35
0.47
1.48
