0.32
1.26
1.46
0.59
0.5
0.85
0.66
0.26
0.89
1.03
0.61
0.37
0.87
1.1
0.81
0.89
0.89
0.25
0.27
0.81
0.9
0.84
0.59
0.66
0.01
0.75
0.81
0.59
0.49
0.61
0.85
0.75
1.02
0.98
0.49
0.92
0.68
0.94
0.93
0.29
0.66
0.39
0.59
0.16
1.28
0.98
0.87
0.49
1.08
1.16
1.44
0.82
0.49
1.06
0.7
1.01
1.07
0.5
0.42
0.27
0.26
0.9
1.17
0.55
0.81
0.72
0.65
0.38
0.98
0.29
0.42
0.89
0.3
0.55
0.51
0.98
0.47
0.91
1.11
0.79
0.71
1.09
0.33
0.45
0.67
0.65
-0.16
0.1
0.33
0.59
1.3
0.75
0.32
0.56
0.74
0.63
0.96
1.0
1.21
0.03
0.63
0.91
1.2
0.29
1.23
0.44
0.92
0.19
0.47
1.08
0.74
0.65
0.34
1.25
1.0
0.63
0.31
0.7
0.59
0.75
0.24
0.46
0.59
1.47
0.8
0.52
0.31
0.07
0.57
0.29
0.48
0.72
0.45
0.69
0.23
0.81
0.48
0.89
0.67
0.79
0.89
0.42
0.82
1.0
0.73
0.8
0.71
0.76
0.35
0.38
1.07
0.38
0.59
0.56
0.58
0.31
0.52
0.81
0.53
0.26
0.4
0.09
0.76
0.86
0.75
0.74
0.58
0.64
0.52
0.36
1.53
0.89
1.1
1.01
0.96
0.77
0.44
0.87
0.92
0.2
1.05
0.62
0.91
1.32
0.36
0.83
0.91
0.64
0.32
0.71
0.11
0.88
0.82
0.68
1.09
1.08
-0.16
0.87
0.73
0.16
0.35
1.02
0.56
1.02
0.49
1.37
1.46
0.87
0.06
1.05
0.82
0.86
0.69
1.81
1.02
0.34
0.42
0.1
0.38
0.56
0.21
1.07
0.57
0.94
1.03
0.83
0.41
0.44
0.37
1.48
1.22
1.2
0.45
0.41
1.0
0.6
0.35
0.42
0.78
1.09
0.32
0.67
0.69
0.73
0.76
0.36
0.6
1.06
0.92
0.7
0.8
0.2
0.92
0.32
1.01
0.99
0.34
0.54
0.71
0.3
0.78
0.34
0.12
0.68
0.48
0.74
0.04
0.36
0.98
0.34
0.66
0.5
0.93
0.76
0.34
0.55
0.2
0.62
0.61
0.93
0.41
0.49
0.7
0.47
0.55
0.88
0.59
1.05
0.38
0.62
0.57
1.53
1.02
0.5
0.76
0.49
0.47
0.8
1.11
0.4
0.95
0.92
0.29
1.33
0.37
1.12
1.09
0.84
0.1
1.05
0.31
1.15
0.88
-0.17
0.96
-0.17
0.25
-0.02
0.93
0.66
0.49
0.97
0.47
0.31
0.85
1.02
0.73
1.34
0.56
1.36
0.59
0.72
0.87
1.21
0.65
0.65
0.44
0.59
0.84
0.27
0.59
0.36
0.25
0.9
0.65
0.48
0.97
0.85
0.44
0.81
1.05
-0.17
0.51
0.96
0.6
0.53
0.54
1.13
0.6
0.78
0.99
0.77
0.83
0.46
0.67
1.02
0.57
0.76
0.08
0.43
0.17
0.57
1.3
0.71
0.68
0.45
0.97
0.83
0.79
1.13
1.22
0.53
1.21
1.13
0.36
0.52
0.36
0.57
0.14
0.46
1.21
1.42
0.92
0.72
0.02
1.51
0.58
1.51
1.25
1.0
0.37
0.76
1.22
0.95
1.05
1.05
0.65
0.67
0.52
0.98
0.82
0.82
0.57
0.8
0.82
0.45
0.52
1.31
0.65
0.42
0.87
0.6
-0.16
0.43
0.55
0.64
0.68
0.7
0.5
1.37
1.11
0.57
0.65
0.74
0.79
0.58
0.45
0.98
0.35
1.02
1.07
0.81
0.44
0.77
0.63
0.34
0.75
0.62
0.64
1.06
0.43
0.12
0.73
0.3
0.34
0.44
0.95
0.84
0.22
0.47
0.92
0.77
0.35
0.66
0.08
0.68
0.62
0.79
0.62
0.88
1.13
0.83
0.58
1.25
-0.17
0.2
0.91
0.64
1.03
0.29
0.71
1.17
0.3
1.06
0.59
0.84
0.5
0.68
0.46
0.46
0.72
1.22
0.92
0.44
1.16
0.66
0.86
0.25
0.77
0.12
0.38
0.73
0.74
1.08
1.11
0.85
0.61
1.0
0.32
0.6
0.58
1.37
1.17
1.0
0.35
0.71
0.55
0.9
0.53
1.4
0.45
0.83
0.9
0.83
0.03
0.91
0.67
0.19
0.64
0.96
0.72
0.72
0.43
1.23
0.74
0.48
0.78
0.71
0.33
0.49
0.48
0.34
0.16
1.67
0.17
0.98
0.93
0.58
0.61
0.3
0.82
0.47
0.54
0.76
0.4
0.95
0.6
0.78
0.65
0.37
0.62
0.59
0.08
0.81
1.0
0.69
0.98
0.71
0.28
0.32
0.98
0.28
1.07
0.52
0.42
0.08
0.55
1.29
0.76
0.01
0.33
0.98
1.13
0.48
0.74
0.25
0.31
0.35
0.68
0.62
0.63
0.5
0.42
0.92
0.42
1.12
0.75
0.41
0.72
1.18
0.41
-0.16
0.89
0.58
0.35
1.16
0.3
0.46
0.42
0.47
0.4
0.83
1.19
0.26
0.66
0.16
0.99
0.75
0.17
1.04
0.7
0.51
0.43
0.62
0.33
0.72
0.53
0.69
0.36
0.41
0.31
0.11
0.82
0.54
1.0
0.75
0.99
0.52
0.57
0.56
0.35
0.95
0.62
0.63
0.71
0.91
0.54
0.47
0.78
0.25
0.38
0.03
0.66
0.76
1.05
1.12
0.78
0.82
0.62
0.65
0.14
0.24
0.97
0.74
0.85
-0.17
0.94
0.5
0.42
0.96
0.22
1.12
0.29
0.65
0.8
1.25
1.04
0.24
0.49
1.05
0.73
0.28
0.97
0.6
0.13
0.6
0.66
0.99
0.75
0.93
0.33
1.4
0.43
0.64
0.44
0.89
0.1
0.39
0.69
0.68
1.14
1.06
0.19
0.7
0.59
1.03
0.6
1.04
0.87
0.39
0.48
0.42
0.8
0.98
1.38
0.47
0.76
0.44
0.57
0.06
0.07
0.04
0.71
0.83
0.59
0.13
0.28
0.1
0.56
0.73
1.33
0.48
0.35
1.18
0.08
1.04
0.37
0.7
0.58
0.12
0.46
0.8
0.77
0.33
0.61
0.67
0.19
0.75
0.46
0.69
0.43
0.48
0.19
0.76
0.51
1.23
0.19
0.29
0.34
0.5
0.18
0.9
0.56
1.12
0.86
0.86
0.41
1.28
1.02
1.27
0.39
0.55
0.97
1.03
0.41
1.23
0.2
1.04
-0.16
0.13
1.16
0.88
0.74
0.62
-0.17
0.76
0.46
0.8
0.46
0.77
0.74
0.73
0.64
1.09
0.55
1.48
0.27
0.33
0.74
0.87
1.26
1.04
0.98
0.39
0.02
0.36
0.67
-0.02
0.18
0.58
0.31
0.85
0.77
0.1
0.53
1.15
0.04
0.7
0.08
0.5
0.89
0.59
1.08
0.62
0.55
0.42
0.99
1.5
0.22
0.49
0.8
1.13
0.24
1.0
0.92
0.79
0.78
0.14
0.81
0.78
0.26
0.81
0.91
0.34
1.16
0.08
0.0
1.08
0.29
0.99
1.11
0.47
0.87
0.03
1.22
0.94
0.75
0.43
0.11
0.23
0.51
0.29
0.53
0.53
0.92
1.0
0.45
0.14
0.61
0.02
0.82
0.75
0.55
0.51
0.5
0.56
0.62
1.33
0.2
0.68
0.74
1.6
0.7
0.1
0.11
0.31
0.44
0.47
0.72
0.71
0.82
0.12
0.62
0.37
0.66
0.99
0.98
0.51
0.69
0.4
0.44
0.36
0.51
0.58
0.98
0.74
0.99
0.05
1.14
1.07
0.91
0.45
0.72
0.74
1.47
0.97
0.58
0.23
0.84
0.45
-0.02
0.58
1.2
0.2
0.64
1.13
0.72
1.03
0.27
0.39
0.81
0.61
1.07
0.72
0.46
0.45
1.29
0.29
0.73
0.26
0.39
0.99
0.28
0.86
0.84
0.51
0.85
0.6
1.51
0.38
1.3
0.55
0.38
0.92
1.26
0.4
0.93
0.57
0.86
0.38
0.15
0.07
0.91
0.22
1.04
1.18
0.8
0.55
-0.07
0.6
0.72
0.79
0.41
0.05
0.85
0.55
0.49
0.3
0.25
1.29
0.61
0.87
1.05
0.04
0.5
0.14
0.63
0.41
0.05
0.26
0.29
0.7
1.06
0.95
0.42
0.62
0.76
1.32
0.28
0.81
