3.07
4.61
6.05
3.84
1.98
3.46
3.95
2.07
4.15
5.38
3.46
2.07
3.84
4.93
3.46
3.59
4.15
2.31
1.73
4.94
4.15
2.59
2.96
3.46
1.15
2.96
4.32
3.07
2.59
4.61
3.46
3.46
4.32
4.61
2.77
2.96
4.61
4.15
4.84
2.31
3.46
2.77
2.96
2.77
3.95
4.15
4.32
3.46
4.61
5.38
6.92
3.46
3.07
5.76
2.77
4.15
6.02
3.46
1.38
2.77
2.31
4.61
5.93
3.46
3.84
3.84
2.77
2.31
4.15
2.31
2.77
3.46
1.98
3.46
2.77
4.15
3.07
3.95
4.61
4.61
4.32
4.61
2.96
2.31
4.32
3.46
-0.0
1.54
2.31
3.95
5.76
4.15
2.31
2.96
2.96
3.46
4.61
4.15
6.5
0.77
3.07
3.95
4.61
2.59
5.53
2.77
4.94
2.31
2.96
4.61
3.95
4.15
2.77
5.38
4.94
5.53
2.31
3.95
4.15
4.32
2.31
2.96
2.59
6.92
3.46
3.07
2.31
1.54
2.77
2.31
4.15
3.95
1.98
2.77
1.38
4.15
2.77
4.61
2.77
3.84
4.32
3.07
3.95
4.15
3.07
2.96
4.94
4.32
1.15
2.77
4.32
3.07
2.96
3.46
2.31
1.98
3.46
3.95
3.46
2.31
2.59
1.38
3.46
4.15
4.32
3.84
3.95
3.95
2.77
2.31
5.93
3.84
4.15
4.61
4.84
4.15
3.46
4.15
3.46
1.15
4.61
3.46
3.84
5.53
2.31
3.46
4.84
3.95
1.73
2.96
1.38
4.94
4.15
4.61
4.15
5.76
0.0
3.46
2.96
1.38
3.07
5.53
3.46
4.94
2.96
5.76
6.05
4.32
1.54
4.94
4.32
4.15
3.46
6.92
4.84
2.59
2.77
1.38
2.96
3.46
2.96
4.61
3.46
5.76
4.61
4.32
2.77
3.46
1.98
6.92
5.76
5.38
3.07
2.31
4.94
3.46
2.07
2.77
3.84
5.53
2.77
3.46
3.46
4.15
4.15
2.77
3.46
4.61
5.38
2.78
2.96
2.31
4.94
1.98
4.61
4.61
2.96
2.31
3.07
1.98
3.46
1.98
1.38
4.15
2.77
3.46
1.38
2.96
4.61
2.07
3.46
3.46
4.61
2.77
2.31
3.46
1.98
2.77
3.07
4.84
2.77
2.96
3.95
2.77
4.15
3.84
3.07
4.15
2.31
4.15
3.84
6.92
4.61
3.46
3.46
3.07
2.31
4.84
5.53
3.07
4.32
5.53
2.31
4.61
2.77
4.84
4.15
4.15
1.38
5.53
1.98
5.53
4.61
-0.0
5.76
-0.0
2.07
1.38
4.84
4.61
2.31
4.61
3.07
2.59
3.95
6.05
3.95
6.92
2.96
6.92
3.07
3.46
3.46
5.53
4.32
4.32
3.07
3.07
4.94
2.31
3.46
2.07
1.98
5.38
3.46
3.46
4.61
5.38
2.96
4.61
4.15
-0.0
3.46
4.32
3.46
2.59
3.46
4.94
3.84
3.46
4.94
4.94
3.46
2.77
3.46
5.38
2.77
3.46
1.54
2.31
1.38
3.46
6.92
3.84
3.84
2.07
4.61
4.32
5.53
5.38
6.92
2.77
5.53
5.76
2.77
3.46
2.96
3.07
2.07
3.07
4.15
6.05
4.61
3.46
0.86
6.92
3.07
6.15
6.22
4.84
2.77
2.96
5.53
4.15
5.53
5.19
3.07
4.32
2.96
4.32
4.15
4.32
2.77
3.46
3.95
2.77
2.59
5.19
2.96
1.98
4.15
3.46
-0.0
2.96
4.15
3.84
2.77
4.15
3.46
6.92
4.61
3.07
3.46
3.46
4.61
3.84
2.31
3.84
2.96
3.95
3.95
4.61
2.07
4.15
3.46
3.07
4.61
2.96
3.07
5.53
4.15
1.38
3.46
2.31
2.31
2.77
3.95
5.53
1.73
3.95
5.53
3.46
2.07
3.46
0.99
4.15
3.46
4.61
2.96
4.94
3.95
4.15
3.46
5.93
0.0
0.99
4.84
2.77
5.76
2.96
3.46
5.53
1.73
4.61
3.46
4.94
2.96
3.84
2.96
2.77
3.95
5.93
4.61
2.96
4.61
2.59
3.07
1.38
3.84
0.99
2.07
3.46
2.77
3.95
5.38
2.96
2.96
4.94
2.77
2.77
2.96
5.53
5.76
5.38
2.77
4.15
3.07
4.61
2.96
5.76
3.07
5.38
3.95
3.95
0.69
3.46
4.15
1.38
2.96
4.15
3.95
3.84
2.59
4.61
3.46
3.46
4.61
3.95
2.96
2.77
2.77
1.98
1.38
6.92
1.54
3.46
3.95
2.96
3.46
1.98
4.61
2.07
3.95
5.19
2.96
4.61
2.77
3.84
4.32
2.3
3.46
3.46
1.15
4.94
4.94
3.46
3.84
3.46
2.31
2.59
3.95
2.59
4.15
2.77
2.77
1.15
3.46
5.38
3.46
1.38
1.38
5.19
5.53
2.59
3.46
1.73
2.07
1.98
3.46
2.96
2.59
3.07
2.31
4.61
2.96
4.61
3.46
2.31
2.77
5.53
2.31
-0.0
4.94
3.46
2.31
4.15
2.96
3.46
2.96
2.31
2.96
3.46
5.53
2.31
4.15
2.07
4.84
3.95
1.38
4.61
3.84
3.46
3.46
2.96
2.31
4.15
2.31
3.84
2.77
3.07
3.07
0.99
5.19
3.07
4.32
4.94
4.94
2.77
2.96
4.15
1.98
4.61
3.07
4.15
3.46
4.15
3.07
2.77
4.15
1.98
2.59
0.99
3.46
3.46
4.15
4.94
4.32
4.15
3.46
3.46
1.15
1.98
3.95
3.95
4.15
-0.0
4.15
2.96
2.31
4.15
1.38
4.15
2.77
3.46
4.15
5.53
4.32
1.73
3.84
5.38
3.84
1.98
4.84
3.46
1.38
3.07
3.95
4.15
3.71
4.84
3.46
5.53
3.46
3.46
2.31
3.95
1.15
2.07
3.84
3.46
5.76
4.32
1.73
4.15
2.31
4.15
3.46
5.53
4.94
3.46
3.46
2.77
3.95
4.61
5.53
3.46
5.53
2.31
2.59
1.15
0.99
0.77
3.95
3.46
3.46
1.38
1.98
0.99
1.98
3.46
5.53
2.59
2.31
5.38
1.38
5.53
1.98
3.46
3.07
1.38
3.84
3.84
4.61
3.46
3.46
3.46
1.54
4.15
2.96
3.84
2.31
2.77
1.73
3.95
3.46
4.84
1.54
2.31
2.77
3.46
1.98
5.53
3.46
5.38
4.32
4.84
2.77
4.32
4.15
5.19
2.59
3.46
3.95
4.61
3.07
6.05
1.38
4.94
-0.0
1.98
5.76
4.15
4.15
3.46
-0.0
3.46
2.77
4.15
2.31
3.84
3.46
3.46
3.46
4.32
4.15
6.22
2.31
1.98
3.46
3.84
4.94
5.19
5.53
2.77
0.77
2.31
3.46
0.77
1.38
2.77
2.77
4.94
4.15
1.73
3.07
4.15
1.15
3.95
0.99
3.84
4.15
2.96
4.61
3.79
2.77
2.96
5.19
5.76
1.38
3.46
3.95
4.61
1.98
5.53
3.84
3.84
3.46
1.98
4.61
3.07
1.73
3.95
4.15
2.77
4.61
2.31
1.15
3.95
2.77
4.15
5.76
3.46
3.95
1.38
4.94
6.05
4.32
2.96
1.15
2.31
2.96
1.15
3.07
3.46
3.84
5.19
1.38
0.86
4.15
1.15
4.91
3.95
4.15
2.77
2.77
2.59
3.46
5.53
1.54
2.77
3.46
6.92
4.15
1.73
1.38
2.77
2.77
3.07
4.15
3.46
4.15
0.86
4.15
2.96
3.46
4.84
5.19
2.77
3.46
2.59
2.31
1.73
2.96
4.94
4.15
3.95
5.38
0.77
4.15
3.95
3.84
3.46
4.61
4.61
5.19
3.84
3.07
1.38
4.61
3.95
1.38
3.83
5.19
1.38
3.46
5.38
3.07
4.15
2.07
3.07
3.95
4.32
4.61
3.46
2.31
2.59
5.76
2.59
2.96
2.31
2.07
4.61
1.98
3.46
4.15
3.46
4.15
3.07
5.53
2.07
4.32
2.59
2.31
3.95
4.61
2.77
3.95
4.15
4.15
2.59
0.99
1.38
5.38
1.38
4.61
5.93
3.46
2.96
1.15
2.77
3.46
4.15
2.77
1.15
2.77
2.77
2.96
2.59
1.73
6.92
3.46
3.84
4.61
1.38
3.46
1.38
4.61
1.73
1.38
1.73
1.38
4.61
4.32
4.15
4.15
3.46
4.15
6.92
1.73
3.95
