0.0
3.46
3.46
2.31
1.98
2.31
1.98
1.38
2.77
1.56
2.07
0.69
1.54
1.93
2.59
0.0
0.69
0.77
0.86
2.95
4.15
0.86
0.99
2.07
0.0
1.78
1.65
1.54
1.26
2.3
1.15
0.02
4.2
1.15
0.0
1.95
2.3
2.77
2.77
1.15
3.46
1.38
0.99
0.0
1.13
2.76
0.83
2.31
1.16
0.77
1.38
1.73
1.54
2.22
0.0
2.68
1.73
1.73
0.0
1.38
0.0
1.15
4.39
2.2
2.02
2.31
1.38
0.77
1.38
1.15
0.0
0.01
0.99
2.07
2.77
2.77
0.0
2.96
3.46
0.77
1.73
2.3
0.99
2.31
0.86
0.5
0.0
1.5
1.15
0.0
0.02
1.38
1.15
0.99
2.96
0.04
2.31
0.0
3.47
0.77
2.31
2.96
3.84
0.0
2.77
1.38
1.98
1.15
1.98
0.77
0.57
2.77
0.0
3.84
2.96
4.15
1.15
0.99
0.89
1.72
1.15
0.99
0.0
4.27
0.53
0.63
0.0
0.77
2.77
1.15
1.38
1.98
0.99
1.38
0.0
1.88
0.0
1.54
2.07
3.84
2.59
0.0
1.98
1.38
1.53
2.96
1.95
2.59
0.0
1.38
3.45
0.01
1.98
1.15
1.15
0.0
0.0
1.98
0.05
1.66
0.86
0.69
1.73
2.07
1.81
2.22
0.99
2.95
0.0
0.0
2.84
1.54
1.38
2.31
2.07
1.38
1.15
4.15
0.87
1.15
3.46
1.15
2.31
5.31
1.15
3.22
1.18
0.99
0.0
0.99
0.0
1.98
1.35
3.46
1.38
1.89
0.0
1.15
1.98
0.0
1.54
1.38
0.69
2.97
1.98
2.09
1.65
2.5
1.54
2.96
0.86
1.38
3.46
2.77
1.09
2.4
0.69
0.0
0.99
1.73
0.99
2.31
0.69
2.31
1.15
1.73
0.68
0.0
1.98
1.38
3.46
3.07
0.98
0.0
1.89
1.38
0.0
1.38
2.3
4.15
0.0
2.76
0.96
1.98
1.38
1.38
2.31
2.33
1.46
0.0
2.96
0.02
0.99
0.99
2.31
3.84
0.99
1.15
1.54
0.0
2.59
0.99
0.69
0.0
2.77
2.07
0.0
1.98
2.31
1.38
2.31
0.86
0.77
2.77
0.77
2.29
0.0
2.77
0.77
2.13
1.38
1.98
2.96
1.13
2.77
1.54
0.0
2.77
0.77
2.77
3.07
4.15
0.77
0.0
0.0
1.54
2.31
3.81
2.77
0.77
1.42
2.74
0.0
1.15
0.69
2.08
2.77
0.69
0.0
1.87
0.99
4.15
3.46
0.0
1.65
0.0
0.69
0.0
2.07
0.77
1.15
2.3
2.31
1.73
1.0
5.9
1.98
4.15
1.98
2.88
2.31
1.15
2.59
4.15
1.13
0.86
0.0
1.54
3.94
1.27
0.0
0.69
0.99
3.79
2.13
0.86
1.54
1.78
0.99
2.31
1.38
0.0
0.86
1.74
3.46
1.73
1.38
2.96
0.99
3.46
0.95
1.98
1.81
0.0
2.07
2.31
1.38
2.31
0.77
0.0
0.0
2.07
4.15
1.54
3.07
0.69
1.7
0.86
0.1
2.02
4.61
0.0
1.61
2.58
1.38
1.39
0.0
1.56
0.69
0.74
2.08
4.9
1.58
1.73
0.0
0.97
0.77
2.29
4.84
0.69
2.07
0.99
3.47
0.69
2.76
1.72
1.46
1.73
1.98
3.46
2.77
1.73
2.07
2.07
1.97
2.07
0.86
3.08
1.98
0.99
1.38
1.66
0.0
2.86
2.79
1.54
0.69
1.38
2.31
2.35
2.31
1.54
0.0
2.07
1.86
2.31
1.15
0.0
0.0
0.99
1.98
0.97
1.38
0.0
2.59
1.38
2.21
1.88
1.54
2.77
0.0
0.0
2.07
1.54
1.54
0.0
0.99
0.0
1.73
2.96
2.77
2.31
1.38
3.46
0.0
0.0
2.77
3.46
0.0
1.98
1.98
2.09
1.87
2.96
0.0
0.99
3.44
2.77
5.76
1.97
1.73
3.97
0.0
2.3
1.74
0.99
0.99
1.54
1.98
1.38
2.22
2.96
0.41
0.97
2.3
1.73
1.54
1.38
1.58
0.0
1.35
2.96
2.77
1.98
3.02
2.96
2.96
0.99
0.0
0.0
1.98
4.15
2.31
2.31
0.69
1.38
1.54
1.18
0.99
3.55
2.22
2.47
2.96
0.0
0.69
2.31
1.38
0.0
2.96
4.15
0.99
0.77
1.73
0.0
0.0
1.73
2.31
2.96
1.98
0.0
0.0
0.99
0.69
4.61
0.77
1.73
2.96
1.98
2.3
1.98
1.15
0.69
1.98
1.73
0.0
1.16
2.07
1.77
0.86
1.15
1.73
0.88
1.15
2.86
0.99
1.38
1.54
0.71
1.24
0.86
3.02
0.86
2.77
0.0
2.64
1.15
1.15
2.3
1.73
0.01
1.38
3.45
3.49
2.59
1.15
0.0
0.69
0.99
1.39
0.0
1.73
0.77
0.65
1.15
0.99
0.0
1.63
0.77
1.37
2.77
0.77
0.0
1.98
0.0
1.15
2.77
1.06
1.38
0.99
0.0
0.99
2.77
2.77
0.77
1.38
0.69
2.08
1.98
0.56
4.61
3.07
0.86
0.69
0.99
1.54
2.45
2.31
1.55
0.0
1.91
0.0
0.93
2.58
0.77
3.45
0.99
1.98
0.0
0.99
4.15
0.98
1.58
2.31
1.38
3.44
2.76
2.31
2.07
1.54
0.0
1.73
0.0
0.68
2.07
0.67
3.95
0.86
2.07
1.15
2.7
0.0
0.98
2.12
1.98
2.07
0.0
2.07
1.98
1.15
2.77
1.38
2.77
1.38
1.73
1.38
2.79
2.59
0.0
0.0
2.31
3.07
0.16
2.08
0.0
1.38
1.54
1.98
1.96
1.54
2.02
0.0
2.75
0.18
1.15
0.0
1.09
1.15
1.38
2.99
2.77
2.31
1.73
0.86
1.38
2.31
1.38
0.74
2.77
2.74
1.15
0.69
1.38
2.94
1.15
2.77
1.15
1.38
0.6
1.73
1.15
0.52
0.0
0.99
2.31
0.0
0.0
0.65
0.99
0.74
1.73
0.0
1.73
1.54
3.07
0.0
1.38
1.98
2.31
1.54
1.38
1.53
1.54
0.0
1.15
0.0
1.15
0.0
2.07
1.85
0.0
0.0
0.0
0.86
1.98
2.07
2.77
0.77
1.18
0.59
1.15
0.99
1.36
0.84
1.54
1.73
2.07
0.69
1.73
0.0
1.73
0.86
1.14
0.99
2.33
3.07
2.57
1.38
4.25
0.0
0.99
3.48
1.38
0.0
0.4
0.0
2.31
1.38
2.08
1.54
1.54
1.38
0.87
1.73
3.4
1.53
3.46
0.0
0.99
2.31
3.07
1.98
2.59
3.85
0.04
0.0
1.15
0.43
0.0
0.0
2.77
0.0
1.0
1.44
0.0
0.78
1.39
1.15
1.98
0.99
3.07
3.42
1.98
2.31
0.99
2.77
2.05
3.46
2.45
0.0
1.73
1.98
2.67
0.0
0.0
1.53
0.0
0.86
0.0
2.3
1.54
0.85
2.96
2.76
1.38
2.31
1.15
0.0
0.99
1.38
2.08
1.2
0.0
3.95
0.0
2.96
2.44
2.95
2.87
0.0
1.91
0.99
1.15
2.16
0.86
1.54
0.87
1.38
0.0
0.23
1.15
1.98
3.95
1.38
1.38
0.0
0.86
3.46
4.15
0.77
2.77
2.59
4.11
2.77
0.86
0.0
1.27
0.0
0.77
2.03
1.15
4.15
0.86
4.15
0.97
1.15
2.39
3.46
0.0
0.0
0.86
1.15
0.64
0.98
1.98
1.38
0.99
2.19
0.0
2.76
0.99
2.81
2.31
0.0
2.3
1.73
2.31
3.07
0.0
1.53
3.95
0.05
0.53
0.87
0.0
0.86
3.1
0.77
3.44
0.69
0.77
1.95
2.59
3.07
0.87
0.0
1.73
2.52
0.0
0.0
0.5
0.76
3.07
0.0
1.73
0.0
1.34
2.77
0.86
2.77
0.69
1.2
0.86
2.31
2.01
2.31
2.07
1.08
1.38
0.69
2.59
0.0
0.0
0.77
0.0
1.56
2.96
1.73
0.0
0.0
0.69
0.0
2.29
0.0
0.0
2.77
1.38
0.0
1.73
0.86
2.77
1.73
0.77
0.77
0.0
1.15
0.14
0.77
0.06
0.0
0.0
0.0
1.14
0.0
1.38
1.38
1.73
3.46
3.44
0.86
0.15
