0.0
2.31
1.72
0.0
0.99
0.0
0.0
0.0
1.38
0.0
0.15
0.69
0.0
0.99
0.86
0.0
0.05
0.0
0.0
0.99
1.39
0.0
0.0
0.0
0.0
0.0
0.0
0.77
0.0
1.15
1.12
0.0
0.0
0.0
0.0
0.27
0.0
0.41
0.69
0.0
0.0
0.32
0.88
0.0
0.0
0.0
0.0
0.0
0.0
0.0
0.0
0.86
0.77
0.0
0.0
0.0
0.0
0.0
0.0
1.38
0.0
0.0
0.99
0.0
0.77
0.77
0.72
0.0
1.37
1.15
0.0
0.0
0.0
1.38
0.67
0.0
0.0
1.01
2.31
0.0
0.0
1.15
0.0
1.15
0.86
0.0
0.0
0.0
0.0
0.0
0.0
1.38
0.0
0.98
2.11
0.0
0.56
0.0
0.0
0.77
0.07
0.99
2.09
0.0
0.0
0.0
0.0
0.0
0.0
0.77
0.0
0.0
0.0
0.74
0.0
0.0
0.0
0.31
0.0
0.86
0.0
0.0
0.0
2.31
0.0
0.0
0.0
0.0
0.0
0.0
0.0
0.99
0.0
0.0
0.0
0.0
0.0
0.78
1.38
0.84
1.73
0.0
1.95
0.69
0.0
1.96
0.0
0.74
0.0
0.06
0.86
0.0
0.0
1.15
0.0
0.0
0.0
0.0
0.0
0.0
0.0
0.0
1.58
1.38
1.73
0.0
0.0
0.0
0.0
0.0
0.99
0.0
1.38
1.15
0.0
0.0
0.0
1.38
0.0
1.15
1.15
0.0
0.35
1.33
0.0
0.0
0.0
0.99
0.0
0.99
0.0
0.99
0.0
0.01
1.26
1.15
0.0
1.15
0.0
0.0
0.77
1.38
0.0
1.13
0.94
1.15
0.0
0.01
0.0
0.67
0.8
1.38
0.86
0.0
0.69
0.0
0.0
0.0
0.0
0.0
0.98
1.15
0.0
2.31
0.0
0.86
0.0
0.0
0.98
0.0
1.15
1.53
0.0
0.0
0.0
0.0
0.0
0.0
0.77
0.71
0.0
0.0
0.69
0.39
0.0
0.01
1.05
0.0
0.0
0.0
1.94
0.0
0.0
0.99
1.15
1.54
0.0
0.0
0.76
0.0
1.11
0.0
0.67
0.0
1.38
1.38
0.0
1.94
0.01
0.69
1.15
0.85
0.0
1.38
0.0
0.0
0.0
1.38
0.77
0.0
0.0
0.99
0.42
0.0
0.69
0.77
0.0
0.03
0.77
0.0
0.0
1.38
0.77
0.0
0.0
0.0
0.01
1.37
0.0
0.0
0.86
1.38
0.0
1.15
0.0
0.69
2.77
0.0
0.0
0.0
0.0
2.77
1.15
0.0
0.0
0.0
0.08
0.0
0.0
0.0
0.0
0.74
0.0
0.86
0.0
0.87
0.0
2.08
0.0
0.0
0.77
1.15
0.04
1.39
0.01
0.0
0.0
0.77
0.99
0.0
0.0
0.0
0.0
0.77
0.0
0.86
0.02
0.66
0.0
0.0
0.21
0.0
0.86
0.84
2.31
0.0
0.0
0.99
0.0
2.59
0.0
0.99
0.0
0.0
0.0
1.54
1.38
1.15
0.0
0.0
0.0
1.36
0.0
0.0
0.0
0.0
1.1
0.0
0.0
0.0
1.15
0.0
0.0
1.16
0.0
0.0
0.0
0.77
0.0
0.0
1.36
0.0
0.77
0.0
0.0
0.0
0.0
0.59
1.41
0.69
1.38
0.99
1.38
0.0
1.34
0.0
0.51
0.86
0.0
0.81
0.7
0.88
0.69
1.36
0.0
0.0
0.0
0.51
0.14
0.99
0.0
0.69
0.0
0.0
1.38
0.01
0.21
0.0
0.0
1.15
1.15
0.81
0.0
0.0
0.77
0.77
0.04
0.0
0.0
0.0
0.99
0.0
0.68
0.0
1.89
0.0
0.01
0.0
0.77
0.0
0.0
0.0
0.42
0.0
1.35
0.0
0.0
0.0
0.03
1.94
0.0
1.15
0.69
0.86
0.0
0.0
0.69
1.15
0.0
0.0
0.99
0.09
0.0
0.0
0.0
0.99
1.38
2.76
0.0
0.0
0.86
1.38
0.0
1.15
1.73
0.0
0.0
0.77
0.99
1.38
0.0
0.01
0.0
0.0
0.77
0.0
0.0
1.34
0.0
0.0
0.0
0.0
0.0
0.0
0.76
1.79
0.99
0.0
0.0
0.0
0.0
1.38
0.0
0.0
0.11
1.09
0.75
1.15
0.99
0.98
0.77
0.0
1.98
0.0
0.0
1.37
0.0
0.0
1.97
2.77
0.0
0.77
0.86
0.0
0.0
0.06
1.21
0.02
0.99
0.0
0.0
0.0
0.32
1.55
0.77
0.86
2.96
0.76
1.15
1.1
0.0
0.0
0.0
0.0
0.0
0.0
0.0
0.27
0.86
0.0
1.51
0.86
0.0
0.99
0.99
0.0
0.0
0.0
1.15
0.11
0.99
0.01
0.02
0.0
1.38
1.14
0.0
1.54
0.02
0.0
0.0
2.31
1.38
0.86
0.0
0.0
0.0
0.0
0.0
0.0
1.73
0.0
0.0
1.15
0.0
0.0
0.0
0.77
0.69
0.0
0.0
0.0
0.0
0.0
0.0
0.0
0.0
1.38
0.0
0.0
0.99
0.73
1.38
0.0
1.34
0.0
0.69
0.0
0.0
1.15
1.44
0.0
0.0
0.99
0.77
1.38
1.15
0.0
0.0
0.79
0.0
0.0
0.0
0.0
0.27
0.0
0.99
0.0
0.0
1.38
0.0
0.0
1.54
0.0
2.35
0.0
1.54
0.0
1.38
0.0
0.0
0.0
0.0
0.01
0.0
1.98
0.72
0.0
0.0
0.99
0.0
0.0
0.98
0.0
0.0
0.0
0.69
0.95
0.0
1.38
0.0
0.0
0.0
0.0
0.0
0.0
0.06
0.0
0.0
1.54
1.38
0.0
1.37
0.0
0.77
0.76
0.0
0.69
0.0
0.95
0.0
0.0
0.0
0.0
0.0
0.0
0.1
0.0
0.78
0.69
1.15
0.86
0.86
0.0
1.15
0.0
0.0
0.01
0.26
0.0
0.0
0.0
0.0
0.0
1.38
0.0
0.0
0.0
0.28
0.0
0.0
0.0
0.0
2.31
0.0
0.0
0.0
0.99
0.0
0.86
0.0
1.73
0.77
0.01
0.0
0.0
0.0
1.15
0.77
0.0
0.0
0.77
0.0
0.0
0.0
1.15
0.0
0.0
0.0
0.0
0.0
0.0
0.0
0.0
0.69
2.07
0.77
0.0
0.0
0.03
0.0
0.0
0.0
0.76
0.86
0.69
0.0
0.33
0.0
1.73
0.0
0.0
0.0
0.74
1.45
0.86
0.0
1.8
0.0
0.99
1.15
1.38
0.0
0.0
0.0
0.05
0.0
0.69
1.54
0.77
0.69
0.0
0.0
1.79
0.05
2.75
0.0
0.33
1.07
1.7
0.0
0.87
0.01
0.0
0.0
0.0
0.0
0.0
0.0
1.38
0.0
0.0
0.0
0.0
0.77
0.0
0.0
0.99
0.0
0.0
0.0
0.99
1.15
0.0
0.0
0.99
0.86
0.0
0.0
0.0
0.0
0.08
0.0
0.0
0.0
0.0
0.0
0.0
0.0
0.77
0.0
0.99
1.38
0.0
0.0
0.0
0.0
0.99
0.0
0.38
0.0
0.0
0.0
0.0
1.98
0.0
0.0
0.0
0.0
0.0
0.0
1.15
0.77
0.86
0.77
0.0
1.38
0.0
0.0
0.0
0.0
0.99
0.0
0.01
0.0
0.86
1.29
1.38
0.0
0.92
0.0
0.07
1.36
0.86
0.0
0.0
0.0
0.0
0.39
1.15
0.24
0.86
2.74
0.0
0.0
0.0
2.59
0.0
0.0
0.0
0.0
0.0
0.0
1.57
1.33
0.99
1.54
0.0
0.69
0.0
0.77
1.15
0.0
1.08
0.0
1.53
1.98
0.0
0.0
0.0
0.0
0.0
0.87
0.0
0.0
0.84
0.0
0.69
0.69
0.0
0.0
0.84
0.0
0.86
0.0
0.86
0.0
0.0
0.0
0.0
0.69
1.54
0.0
0.0
0.0
0.01
0.0
0.0
1.39
0.0
0.0
0.86
1.15
0.99
0.0
0.76
0.99
0.0
0.69
0.02
0.0
0.0
0.0
0.0
0.77
1.79
0.86
0.0
0.0
0.69
0.0
0.0
0.0
0.0
1.07
0.69
0.0
0.86
0.86
0.45
1.73
0.77
0.77
0.0
1.15
0.0
0.01
0.0
0.0
0.0
0.0
0.0
0.0
0.0
0.0
0.02
1.38
2.08
0.0
0.0
