1.54
4.56
5.19
3.84
1.98
3.46
2.95
2.07
4.15
3.5
3.37
1.38
3.07
1.98
2.59
1.15
3.15
2.31
1.72
3.95
4.15
1.73
2.95
2.75
1.15
2.96
3.89
3.07
2.59
3.47
3.46
1.16
4.32
3.85
1.38
2.68
3.82
4.15
3.46
1.15
3.46
1.38
1.98
1.38
2.93
4.15
4.32
2.31
4.61
3.9
5.32
2.6
2.31
4.58
2.77
4.15
3.49
2.6
0.0
1.38
2.07
4.61
5.93
2.31
3.84
3.84
2.77
2.31
2.77
2.31
2.76
2.31
1.98
3.46
2.77
2.77
0.77
2.96
3.5
3.84
4.32
3.7
2.96
2.31
3.48
3.43
0.0
1.54
1.15
2.0
4.61
2.77
2.31
1.98
2.96
3.46
2.31
2.77
5.76
0.77
2.31
3.95
3.84
1.53
2.79
1.38
3.97
2.31
2.96
3.2
1.98
4.15
2.77
4.61
2.96
5.53
2.31
3.95
3.4
2.55
1.15
1.98
2.56
6.92
2.32
2.79
1.78
1.54
2.77
1.15
4.15
3.95
1.98
2.77
1.38
4.15
1.38
3.89
2.58
3.84
3.46
2.94
3.95
2.77
2.31
2.96
3.96
3.46
1.15
2.77
3.46
2.89
2.96
2.3
2.31
1.98
2.31
2.96
2.31
2.31
2.25
0.69
1.73
2.77
3.38
3.78
2.96
2.96
2.77
2.31
4.94
3.07
4.15
2.32
3.46
2.77
2.31
4.15
2.59
1.15
4.61
3.25
3.07
5.53
2.31
3.46
3.46
1.98
0.0
1.06
0.0
4.93
2.73
3.46
2.96
4.61
0.0
3.46
1.98
1.38
1.68
2.77
2.77
3.95
2.94
3.47
1.77
4.32
1.54
3.95
3.46
1.38
3.46
6.79
4.15
2.59
2.07
1.38
2.96
3.36
2.7
3.46
3.14
3.38
3.46
3.46
1.78
2.77
1.98
4.29
4.61
4.61
3.07
0.0
3.95
3.46
1.38
1.42
3.07
4.15
1.38
3.46
2.07
3.46
2.15
2.77
2.31
4.59
4.61
1.38
2.96
2.29
3.63
1.98
3.49
4.6
2.96
2.31
2.35
0.99
3.46
1.98
0.69
4.15
2.77
2.93
0.0
2.96
2.33
2.07
2.31
2.59
4.6
2.77
2.31
3.46
0.99
2.77
2.31
4.2
1.38
2.96
3.02
2.07
3.02
3.84
2.3
4.15
1.54
4.15
3.84
5.53
3.84
2.08
3.46
2.31
2.31
4.15
5.53
1.54
3.46
4.15
0.77
4.01
0.69
4.69
2.77
2.72
0.0
4.15
1.98
4.15
4.61
0.0
2.32
0.0
0.69
1.38
3.46
3.07
2.29
3.07
3.07
2.59
2.96
6.05
2.96
6.22
2.96
5.19
3.07
1.15
3.44
5.53
4.1
3.66
3.07
2.31
3.95
1.54
1.29
0.69
0.99
4.61
2.77
2.59
3.07
5.38
2.96
3.46
2.64
0.0
3.46
3.46
3.46
2.59
2.77
2.96
3.49
3.46
2.96
3.95
2.77
2.77
2.77
4.6
1.38
3.46
1.54
1.15
0.0
2.77
5.53
3.07
3.84
1.38
3.46
3.43
4.15
3.84
5.76
1.38
3.47
3.46
2.77
3.46
1.98
2.36
1.38
1.54
4.15
6.05
2.31
3.46
0.86
3.95
2.31
4.65
6.22
4.14
2.07
1.98
5.53
2.42
4.84
3.46
3.07
3.46
2.96
4.32
4.14
3.46
2.77
2.77
3.95
2.07
1.73
4.32
1.98
0.99
4.15
2.76
0.0
2.96
4.15
2.31
2.08
2.77
2.31
4.61
3.46
3.07
3.01
2.07
3.07
3.07
1.15
3.05
2.94
2.96
3.95
4.41
2.07
2.77
2.59
3.07
3.84
2.96
2.32
5.53
2.77
1.38
2.77
1.74
2.31
1.38
2.87
5.52
1.73
3.95
4.15
3.46
2.07
3.46
0.99
4.15
3.46
4.61
2.96
4.94
3.81
4.15
2.77
4.94
0.0
0.99
4.84
2.77
5.76
2.96
2.6
5.52
0.0
2.31
2.6
3.95
1.98
2.32
2.96
1.73
2.96
4.94
4.61
1.98
3.07
2.59
1.54
1.38
3.84
0.99
1.38
3.46
2.77
3.95
4.6
2.96
2.96
3.78
1.37
2.77
1.98
4.92
4.61
3.76
2.07
4.15
2.31
4.57
2.96
4.61
2.31
4.61
3.95
2.97
0.69
2.31
4.15
1.38
2.96
4.15
2.72
3.06
2.59
1.15
1.1
2.59
3.08
3.95
2.96
0.0
2.75
1.01
1.38
6.88
1.54
3.46
3.95
2.96
2.31
1.98
2.31
1.83
3.28
4.32
0.0
3.77
2.77
3.53
4.32
1.15
2.59
1.73
1.15
2.99
3.95
2.77
3.07
1.73
2.31
0.87
3.95
2.59
4.15
2.02
2.77
1.15
3.4
4.08
2.59
1.38
1.38
4.32
5.47
2.59
3.18
1.73
2.07
1.98
3.46
1.97
2.44
0.77
2.31
2.31
1.98
2.33
3.46
2.31
2.77
4.53
1.54
0.0
3.52
1.15
2.31
4.15
2.0
2.77
2.01
2.3
2.96
3.46
2.82
1.54
2.77
2.07
3.46
2.96
1.38
4.61
3.84
2.58
1.47
1.98
2.31
2.77
2.31
3.07
1.38
3.07
3.07
0.99
3.46
2.29
4.32
2.54
3.95
1.38
2.96
4.15
1.98
4.61
3.07
4.15
3.46
4.15
3.07
2.07
4.15
1.98
2.59
0.99
3.42
2.77
4.15
4.94
3.24
2.77
2.31
3.46
1.15
0.99
2.96
2.96
3.85
0.0
3.46
1.98
2.31
3.46
1.38
3.78
2.77
1.73
3.46
5.53
3.46
1.73
3.84
4.56
3.07
1.98
4.1
3.46
1.38
2.31
1.98
3.46
1.54
3.11
2.59
5.39
3.46
2.31
2.31
3.95
1.15
2.07
3.07
3.46
2.31
3.46
0.86
4.15
2.31
2.77
2.77
2.77
3.95
3.46
3.0
1.38
3.95
3.46
4.15
2.31
3.11
2.31
1.73
1.15
0.99
0.08
1.98
3.46
2.29
1.38
0.99
0.99
0.99
3.46
2.49
1.73
1.54
3.84
1.38
2.77
1.98
2.31
3.07
1.38
2.32
3.84
2.31
2.31
3.44
3.46
1.03
4.15
2.96
2.3
1.89
0.0
0.87
3.95
2.77
4.27
1.54
2.31
2.07
3.46
1.98
5.53
3.46
4.61
4.32
2.77
1.38
1.8
1.4
4.32
1.73
3.46
1.98
4.61
3.07
4.41
1.38
4.94
0.0
1.98
4.61
4.15
2.08
0.86
0.0
3.46
1.38
2.78
1.54
3.07
1.38
3.45
2.59
4.14
4.15
4.84
1.54
1.98
3.46
3.84
3.71
4.3
5.53
1.82
0.77
2.09
3.46
0.77
1.38
2.77
1.38
3.95
2.07
1.73
1.54
2.77
1.15
1.98
0.99
3.84
3.46
2.9
3.46
1.97
2.77
2.96
4.32
3.53
0.0
2.75
2.96
4.61
1.98
4.35
2.31
2.31
1.61
1.68
3.42
2.49
1.71
3.95
2.77
2.14
3.84
2.31
1.15
1.98
1.38
2.77
4.61
2.3
3.95
1.38
4.94
6.05
4.32
2.96
1.15
2.31
2.27
1.15
2.31
1.73
3.08
2.79
1.38
0.86
1.4
1.15
2.96
3.95
4.15
2.77
0.0
1.73
3.46
5.53
1.54
2.77
3.46
6.9
4.15
0.86
1.38
2.77
1.39
1.54
2.97
2.23
4.15
0.86
4.15
2.96
1.15
4.15
5.08
1.49
2.32
1.95
2.31
0.86
1.54
1.98
4.15
2.79
4.61
0.0
4.15
2.96
3.16
2.31
1.16
4.61
5.18
3.07
3.07
0.83
1.54
3.95
1.38
1.84
4.04
1.38
3.46
3.84
2.3
3.46
1.38
3.07
3.95
3.46
3.84
2.59
0.0
2.59
4.61
1.51
0.99
2.3
1.39
3.84
0.99
2.59
0.0
2.59
2.77
3.07
5.53
1.38
3.46
1.73
2.31
3.95
4.18
2.77
3.95
2.77
2.77
2.59
0.97
1.38
4.61
0.0
3.07
4.94
2.55
2.89
0.0
2.07
1.54
2.77
1.38
1.13
2.77
2.74
0.99
1.73
1.73
4.15
3.46
1.54
3.83
0.0
3.05
1.38
3.11
0.93
0.0
0.05
0.0
3.46
3.46
2.77
1.38
2.59
4.15
4.85
0.86
3.08
