0.75
2.77
2.32
0.85
1.42
0.99
0.92
0.61
0.42
0.56
0.86
0.3
0.35
1.83
1.58
1.14
0.84
0.25
0.67
0.55
1.27
1.24
1.58
0.33
0.15
0.3
1.02
1.33
0.2
0.45
1.17
0.42
0.9
1.14
0.19
0.42
0.95
0.43
0.88
0.3
0.39
0.15
1.61
0.16
0.42
1.43
0.94
0.9
0.54
1.11
2.6
0.38
0.22
1.34
1.96
2.24
0.68
0.24
0.93
0.14
0.64
1.15
0.77
0.31
0.47
0.94
0.73
0.69
0.56
0.88
0.18
1.06
0.1
0.35
0.68
1.32
0.27
0.39
1.31
1.45
1.05
1.33
0.35
1.03
0.4
0.94
-0.13
0.14
0.16
0.33
2.17
0.43
0.22
1.51
0.38
0.3
1.21
0.41
0.69
0.06
1.22
0.97
0.86
0.21
1.46
0.66
1.17
0.08
0.16
0.43
0.38
0.52
0.3
0.59
1.74
1.41
0.16
1.08
0.81
1.44
0.15
0.85
0.68
1.48
1.04
0.4
0.93
0.05
2.0
0.11
0.36
0.32
1.51
0.16
0.09
0.42
0.28
0.96
0.69
0.98
1.08
0.66
1.56
1.68
0.79
0.89
0.41
0.37
0.88
0.41
0.99
0.32
0.23
0.31
0.97
0.19
0.3
1.04
1.15
0.25
1.29
0.03
0.89
1.36
1.44
0.83
0.44
0.45
0.36
0.96
1.35
1.89
2.26
1.23
1.34
0.27
0.36
1.41
0.82
0.09
1.24
0.45
0.87
0.58
0.95
1.76
0.4
0.95
0.68
0.29
0.2
0.51
0.49
0.41
0.41
2.12
-0.08
1.82
0.34
0.99
0.78
1.56
0.36
0.52
0.32
2.96
2.23
1.03
0.09
1.05
0.44
0.44
0.78
4.26
1.48
0.77
0.22
0.08
0.87
1.59
0.28
1.35
0.68
0.58
1.11
1.59
0.64
0.31
0.25
1.51
1.34
1.59
0.77
0.28
1.19
0.74
0.64
0.2
0.91
1.48
0.24
0.83
0.42
0.8
0.37
0.27
0.92
1.57
1.53
0.51
1.63
0.1
2.6
0.26
1.34
1.05
0.97
0.88
0.8
0.73
1.41
0.15
0.59
0.46
1.16
0.87
1.11
0.27
1.38
0.16
0.31
0.88
1.04
0.4
0.25
0.3
0.18
1.11
0.82
1.03
2.04
1.7
1.01
0.69
0.81
1.98
0.78
0.39
0.22
2.14
0.32
1.58
1.09
1.23
1.79
0.7
0.27
0.54
0.56
0.27
2.06
1.38
0.6
0.49
0.23
0.47
2.19
1.29
0.04
2.04
0.17
0.58
1.37
-0.07
1.29
-0.01
0.13
0.08
0.52
0.47
0.28
0.99
0.24
0.16
0.44
1.23
1.58
0.76
0.38
1.34
0.38
1.06
0.87
0.66
0.47
1.01
0.3
0.85
0.38
0.16
0.31
0.61
0.09
0.49
0.34
1.36
0.94
1.13
0.3
0.59
1.32
-0.14
0.91
1.03
1.95
0.25
0.82
1.05
0.42
0.35
1.1
0.46
0.7
0.25
0.72
0.62
0.31
0.44
0.18
0.13
0.2
0.72
1.68
0.37
0.38
0.53
0.45
0.45
0.51
1.04
0.69
0.19
1.5
0.59
0.26
0.33
0.28
0.88
0.57
0.81
1.65
1.8
0.98
0.79
0.01
2.9
0.82
2.11
1.04
2.43
0.27
0.35
1.41
1.29
1.48
1.16
0.7
0.96
0.28
0.42
2.3
0.54
0.25
1.21
0.45
0.24
0.93
0.57
0.87
0.81
1.25
0.7
-0.13
0.3
0.4
0.33
0.24
1.38
0.31
2.24
1.21
1.26
0.93
0.89
0.43
0.38
0.14
1.28
0.24
1.52
1.13
0.5
0.16
0.49
0.93
0.29
0.37
0.35
1.29
0.52
0.44
0.2
1.23
0.28
0.75
0.13
1.03
0.55
0.1
0.41
1.35
0.34
1.05
0.35
0.01
1.27
0.43
1.14
0.99
1.16
2.22
0.96
0.41
1.31
-0.11
0.02
1.39
0.37
1.36
0.27
0.39
1.36
0.1
1.2
1.51
0.53
0.35
0.84
0.34
0.34
1.81
1.23
0.52
0.33
1.39
0.22
0.89
0.13
0.98
0.04
0.62
1.01
0.27
0.39
1.07
1.03
0.92
0.52
0.4
1.15
0.34
1.61
2.06
0.52
0.26
1.38
1.32
0.49
1.0
2.89
0.76
1.05
0.52
0.37
0.0
1.7
2.31
0.13
0.97
1.37
1.63
0.42
0.24
1.84
0.36
0.99
0.82
1.12
0.34
0.25
0.31
0.78
0.12
1.68
0.2
0.9
1.14
0.42
0.39
0.22
0.47
0.66
0.39
0.54
0.39
0.51
1.08
0.86
0.99
0.99
0.35
0.8
0.06
0.55
1.22
0.78
0.4
0.9
0.21
0.77
1.64
0.82
0.94
0.74
0.28
0.11
0.32
2.71
0.88
0.02
0.88
0.59
0.56
0.82
0.41
0.7
0.5
0.27
0.29
0.27
0.87
1.3
0.67
1.27
0.24
1.13
1.22
0.15
1.35
0.65
1.23
-0.03
0.48
0.35
0.14
2.29
0.3
0.31
0.27
0.1
0.24
0.79
2.48
0.12
0.37
0.12
1.46
1.06
1.08
0.5
0.45
0.38
0.7
0.39
0.58
2.35
1.02
1.31
0.23
0.83
0.28
0.05
0.51
0.26
1.11
0.45
1.26
0.23
1.62
1.24
0.15
1.38
0.82
0.38
1.46
0.43
0.85
0.65
0.53
0.73
0.77
-0.01
0.31
0.8
0.49
1.21
1.03
1.25
1.86
0.8
0.69
0.26
2.37
0.89
0.42
-0.04
1.33
0.97
0.93
0.9
1.11
0.52
0.24
0.84
0.77
0.59
1.06
0.23
0.9
1.95
0.84
0.79
1.78
0.29
0.02
0.85
1.05
1.66
0.79
0.57
0.29
1.47
0.28
0.32
0.27
0.99
0.0
0.96
1.41
1.26
0.62
1.62
0.05
0.43
0.16
1.28
0.28
1.38
0.51
0.34
0.8
0.65
1.55
0.55
0.72
0.41
0.53
0.16
0.87
0.07
0.56
0.08
1.75
1.02
1.04
0.09
0.1
0.03
0.87
0.92
2.51
0.27
0.25
1.62
0.03
1.38
0.84
0.23
0.33
0.07
0.34
0.85
0.41
0.3
0.25
0.4
0.12
0.42
0.25
0.93
0.29
0.42
0.16
0.33
1.27
0.97
1.11
0.23
0.28
0.27
0.05
2.4
0.25
1.15
0.87
0.48
0.74
1.49
1.3
1.09
0.79
0.27
0.4
1.55
0.78
2.23
1.03
1.13
-0.08
0.19
2.01
0.43
0.87
0.77
-0.09
1.03
1.12
0.79
0.24
0.91
0.31
1.31
0.29
0.94
1.33
2.4
0.19
0.24
1.01
0.5
1.68
1.71
1.0
0.67
0.5
0.15
0.87
0.01
0.13
1.07
0.26
1.79
0.85
0.07
0.71
0.89
0.01
1.69
0.1
0.28
1.15
0.25
1.21
0.96
0.25
0.29
0.99
0.68
0.09
0.34
0.96
1.94
0.75
1.47
1.81
0.45
0.45
0.11
0.44
1.22
0.11
0.92
0.44
0.26
0.92
0.18
0.07
0.37
0.15
1.7
0.48
0.37
0.88
0.08
1.54
1.3
0.38
0.28
0.01
0.17
0.2
0.08
0.35
0.85
0.84
2.25
0.93
-0.02
1.27
0.86
0.46
1.05
0.31
0.31
0.18
0.24
1.03
0.57
0.09
0.22
0.37
2.44
0.39
0.09
0.92
0.17
0.36
0.24
1.26
0.32
1.27
0.0
0.34
0.87
0.31
1.28
0.56
0.3
0.45
0.82
0.16
0.13
1.59
0.37
2.63
0.39
2.05
0.49
0.88
0.44
0.89
0.41
0.54
0.5
2.28
1.03
0.82
0.57
0.41
0.36
0.02
1.02
1.09
0.0
0.34
1.07
0.84
1.34
1.0
0.24
1.6
1.02
1.01
0.36
0.1
0.23
0.49
0.15
0.88
0.22
0.16
0.52
0.07
1.46
1.29
0.95
0.42
0.64
0.65
0.61
0.39
0.84
0.36
0.94
1.87
0.24
0.49
1.17
1.65
0.83
0.12
0.03
1.65
0.09
1.0
1.4
0.86
0.83
-0.04
0.72
0.37
0.36
0.24
0.01
2.14
0.81
0.81
0.21
0.75
1.47
0.36
0.43
1.49
0.0
1.09
-0.0
0.36
0.76
0.07
0.65
1.08
0.46
1.51
0.92
0.22
0.86
0.4
3.25
0.74
1.02
