0.72
2.69
4.69
2.36
1.42
1.77
2.4
1.5
2.1
3.56
2.2
0.61
2.45
2.48
2.08
1.06
1.69
1.15
0.63
3.79
3.16
1.21
0.85
2.57
0.83
1.47
1.64
1.86
1.36
2.07
1.03
1.86
3.28
1.22
1.26
0.94
1.41
3.13
2.72
0.26
2.01
2.12
0.3
0.11
2.24
2.96
2.11
2.63
1.2
4.02
3.38
0.88
1.66
3.05
1.96
3.11
3.45
0.83
0.14
1.16
1.12
2.55
4.06
2.53
1.95
2.88
0.71
0.67
2.22
1.69
1.27
2.48
1.48
2.59
2.06
2.26
1.89
3.03
2.79
2.56
2.85
2.66
2.24
1.76
2.06
1.02
-0.13
1.12
1.79
0.97
4.53
3.18
0.88
1.56
1.46
1.65
2.68
2.11
4.42
0.47
1.24
2.4
3.57
1.35
1.46
2.03
2.5
0.14
1.46
2.45
1.07
3.15
1.21
2.48
1.79
4.32
1.68
1.59
1.84
2.7
0.15
0.99
0.68
4.65
2.39
1.73
0.93
1.11
2.0
0.89
1.09
2.9
1.46
1.11
0.97
2.26
2.12
2.49
0.77
2.45
3.19
1.8
2.34
2.15
1.34
0.93
2.44
2.8
0.76
2.12
2.72
1.8
1.58
1.89
1.02
0.69
1.86
2.31
1.89
1.16
1.29
0.5
1.31
2.31
1.55
2.29
2.23
2.31
1.96
0.96
3.71
1.82
2.28
2.62
2.28
3.0
1.78
3.35
1.46
0.84
1.88
1.67
2.44
4.21
1.64
1.72
2.83
1.65
1.13
2.01
0.08
3.01
2.92
3.6
2.0
2.1
-0.12
2.62
2.13
0.11
2.34
2.48
2.2
3.74
2.33
2.79
2.94
2.72
0.56
2.44
2.66
3.06
2.13
4.37
1.92
0.77
2.13
0.53
2.31
2.15
2.24
2.73
2.59
2.09
2.61
3.22
1.19
2.14
0.16
4.4
2.2
3.06
1.88
0.87
1.74
2.6
0.59
2.03
2.37
3.34
0.17
2.12
2.15
2.72
2.25
2.21
1.78
1.85
3.48
1.31
2.23
1.7
2.57
1.32
2.69
3.09
1.5
1.67
1.32
1.37
2.5
0.11
0.96
2.21
2.02
2.64
0.97
1.57
3.38
0.53
2.58
2.04
2.04
1.81
1.69
1.08
0.64
1.93
1.87
3.13
0.98
2.3
1.76
1.5
3.21
2.31
1.7
2.94
0.74
2.21
2.91
4.25
2.57
1.18
1.79
2.29
1.7
3.18
3.36
1.92
2.21
2.38
1.18
1.94
1.6
3.27
2.14
1.79
0.1
2.43
0.79
3.25
2.81
-0.13
2.97
-0.12
1.11
1.07
2.25
2.53
1.63
2.06
2.26
1.4
0.92
3.49
1.58
3.82
0.93
3.52
1.72
1.15
2.54
3.29
2.69
2.83
1.37
1.27
3.89
1.12
2.09
0.61
0.05
3.64
2.16
2.05
0.97
4.06
0.95
3.39
2.13
-0.14
2.1
2.09
2.78
0.71
2.15
2.45
2.95
2.11
3.08
3.21
1.62
1.11
1.72
3.11
1.19
1.78
0.1
0.98
0.91
2.65
2.47
1.84
1.93
1.06
2.78
1.55
3.29
2.61
5.34
1.12
2.7
2.99
1.25
2.54
1.39
1.24
1.04
1.19
3.05
3.5
3.01
2.01
0.66
3.31
1.31
4.1
3.76
1.36
2.1
1.54
3.27
2.23
3.87
1.67
1.25
2.15
0.23
3.23
2.33
3.14
1.46
1.28
2.19
1.11
1.33
3.18
2.18
0.81
2.28
2.09
-0.13
2.02
3.13
1.42
1.53
2.2
2.73
3.91
1.82
1.73
0.92
1.75
2.02
2.36
0.89
2.46
0.84
2.28
3.04
1.82
1.45
2.05
1.43
1.76
2.44
2.04
1.77
3.23
1.4
0.97
1.17
0.66
1.19
1.06
2.83
2.47
0.07
1.05
1.52
2.61
1.03
2.53
0.57
1.43
1.7
2.03
2.07
2.95
2.28
2.76
2.62
4.28
-0.11
0.68
2.19
1.08
3.58
1.58
1.94
2.31
0.1
2.71
2.09
3.74
1.59
1.52
1.59
2.05
1.75
4.01
3.26
1.63
2.47
1.31
1.77
0.91
1.94
0.75
1.5
1.79
1.04
2.88
4.2
0.99
1.5
3.68
1.26
2.0
0.91
3.39
3.65
3.59
1.15
2.12
1.28
2.13
2.22
3.65
1.73
3.06
3.08
2.22
0.07
1.02
3.13
0.93
1.54
2.23
2.25
1.39
1.33
1.85
0.26
2.11
1.96
2.24
1.6
2.04
1.62
1.36
0.95
3.65
1.1
2.52
3.04
1.59
1.84
1.4
2.57
1.42
2.92
1.74
2.21
1.79
1.46
2.32
2.76
0.88
1.88
2.57
0.1
2.46
1.69
1.2
2.33
2.09
1.75
1.9
2.22
1.97
3.03
1.55
2.07
0.76
2.54
2.93
2.64
1.01
0.88
2.18
4.17
2.0
2.45
1.3
1.42
1.35
2.59
2.19
1.84
1.75
1.65
1.14
1.65
1.89
2.58
1.25
1.61
4.21
1.6
-0.13
2.37
1.91
1.66
1.29
0.86
2.25
1.55
1.67
1.62
2.48
3.25
1.14
3.12
0.58
3.25
1.64
1.0
2.82
2.31
2.04
2.56
2.22
1.73
2.13
1.75
2.47
2.21
1.32
0.78
0.69
2.84
2.31
2.57
1.69
3.03
1.15
1.41
2.63
0.74
3.04
2.26
2.31
1.99
2.98
1.33
1.52
3.23
1.39
1.31
-0.01
2.19
2.46
2.87
3.08
2.62
1.75
1.1
1.66
0.06
0.77
3.02
3.05
2.77
-0.14
2.34
1.54
1.72
1.26
1.05
1.35
2.14
1.99
2.3
2.29
2.68
1.28
1.97
3.55
2.86
0.76
2.2
1.89
1.04
1.68
3.04
2.29
1.78
2.71
1.37
3.19
2.51
1.78
1.71
1.62
0.04
1.5
2.3
2.61
3.5
2.53
0.67
3.24
1.71
1.26
1.66
3.23
3.71
2.64
2.21
1.59
2.82
1.82
3.27
1.91
3.29
1.56
0.9
0.75
0.56
0.03
1.04
1.81
1.89
1.03
1.3
0.67
0.72
1.97
1.5
1.31
0.68
3.03
0.03
2.18
0.21
1.78
2.29
0.07
2.83
2.45
1.87
1.86
1.78
1.84
0.09
2.27
2.18
1.3
1.64
1.09
1.28
1.65
2.2
2.65
0.06
1.66
1.62
2.6
1.51
4.23
1.97
2.65
2.62
3.09
1.97
1.53
2.15
3.34
1.83
0.87
1.63
2.44
2.32
4.09
1.03
3.7
-0.13
1.49
3.67
2.96
1.77
1.89
-0.14
1.9
2.15
2.6
0.7
1.83
2.21
2.6
1.47
2.53
2.19
4.6
1.18
1.34
2.5
2.88
2.47
3.47
1.94
1.45
0.0
0.15
1.98
0.46
0.21
1.07
2.09
2.3
2.61
1.28
2.27
1.83
0.78
0.95
-0.03
2.87
3.07
2.19
3.36
2.29
2.03
1.64
2.17
2.9
1.0
1.34
2.3
2.65
0.75
2.56
1.84
1.8
1.42
1.33
3.51
2.15
0.75
1.09
3.32
1.22
2.31
1.75
0.82
1.51
1.25
2.17
3.71
1.81
2.9
0.91
2.7
3.34
3.37
2.23
0.8
1.73
1.5
0.69
2.37
2.58
2.68
2.22
0.85
0.49
0.33
0.85
3.82
2.5
2.08
1.88
1.07
1.3
1.76
2.36
1.07
2.09
2.0
4.39
3.09
0.56
0.92
2.15
1.14
2.33
2.24
1.84
1.37
0.54
2.28
1.59
1.15
3.51
4.0
1.13
2.47
1.37
1.72
1.21
2.21
1.8
2.23
1.65
2.53
-0.06
2.2
1.61
1.86
2.67
2.06
2.79
3.19
2.37
1.9
0.51
2.95
2.2
1.03
1.65
2.64
0.92
2.48
2.95
1.7
2.67
1.07
1.78
2.23
1.63
2.54
2.62
0.88
1.87
4.51
1.89
1.42
0.85
0.6
2.4
1.45
1.5
2.15
2.14
1.47
1.84
4.16
0.6
2.87
1.74
1.66
0.97
2.9
1.56
2.29
3.09
1.74
1.97
0.04
0.94
2.76
0.03
2.37
3.87
2.6
1.41
0.86
1.53
1.73
2.15
1.11
0.01
0.27
1.05
1.49
1.27
0.18
4.21
2.54
1.89
1.9
1.04
2.5
1.06
3.07
0.13
1.03
0.74
0.88
2.87
1.09
1.78
1.26
2.58
3.1
3.92
1.29
1.67
