0.24
2.7
1.28
0.9
0.87
1.72
1.14
0.1
1.24
1.19
1.21
0.73
1.43
0.49
0.9
1.06
1.66
0.69
0.13
1.64
2.15
0.7
0.89
1.22
0.02
1.06
1.61
1.73
0.81
0.45
1.03
1.08
2.04
2.0
0.26
0.94
0.96
1.22
2.18
0.31
0.31
0.99
1.65
0.19
1.59
1.31
1.62
1.78
1.21
1.11
1.76
0.33
1.23
2.1
0.28
0.43
1.2
0.24
0.15
0.21
0.68
2.67
1.36
0.31
0.9
0.96
1.6
0.17
0.59
1.69
1.1
1.06
0.1
0.32
1.62
0.46
0.81
1.71
1.31
0.92
2.11
2.67
0.9
0.18
0.95
0.99
-0.08
0.11
1.01
1.71
0.65
2.32
0.9
0.86
2.08
0.71
1.23
0.41
2.12
-0.01
1.77
1.64
0.92
0.21
1.46
0.62
0.56
0.08
1.46
1.45
0.94
1.52
0.22
1.61
2.36
0.43
1.08
2.22
0.89
0.46
0.8
0.99
1.32
3.02
1.69
0.77
0.22
0.05
0.97
0.11
0.36
1.55
0.14
1.07
0.97
0.42
0.19
1.04
1.22
1.35
1.54
1.22
1.11
0.9
0.91
1.59
3.11
1.02
0.08
0.32
1.63
0.84
0.29
0.27
0.16
0.69
0.3
1.0
0.27
1.16
0.84
0.56
0.33
0.38
2.55
0.35
2.21
1.62
1.31
0.24
2.44
0.41
1.29
1.23
1.28
0.27
0.29
0.46
1.29
0.04
2.07
0.45
2.0
3.37
0.28
0.32
0.4
1.56
0.16
0.86
0.13
3.01
2.92
1.94
2.0
2.06
-0.06
0.34
1.58
0.11
1.31
0.56
0.82
1.18
1.02
2.17
1.64
0.41
1.07
1.75
0.93
0.37
0.88
2.5
1.33
0.28
0.23
0.12
1.65
0.27
1.62
1.13
1.18
2.09
1.11
1.71
0.78
1.29
0.2
1.51
1.47
3.1
0.28
0.12
1.19
0.33
0.64
0.26
0.91
2.5
1.14
1.23
2.18
0.94
1.31
1.19
0.37
2.03
1.98
0.42
1.01
0.1
0.5
0.82
2.7
1.54
0.87
1.61
0.83
0.65
2.0
0.73
0.96
0.46
2.02
0.9
0.01
0.99
1.3
1.0
1.78
0.88
1.6
1.07
0.68
1.08
0.88
1.88
0.85
1.86
0.98
0.22
1.12
1.15
1.71
1.9
0.3
0.47
0.7
2.14
0.86
2.68
1.48
0.36
0.35
0.82
0.98
1.71
1.44
0.24
1.6
2.91
0.7
0.5
0.65
2.39
0.47
0.83
0.04
0.59
0.82
3.31
3.55
-0.09
2.11
-0.01
0.69
0.03
0.93
0.95
0.9
2.43
1.79
0.8
0.43
1.82
1.03
2.19
1.49
1.23
1.3
1.86
1.38
2.37
1.57
2.27
0.3
0.4
2.41
0.16
0.35
0.16
0.05
0.49
1.16
0.91
0.52
1.56
1.58
0.59
1.32
-0.1
1.47
1.53
1.17
0.25
0.38
1.65
0.94
0.85
0.49
1.09
2.03
1.2
0.36
2.04
1.31
1.05
0.11
0.17
0.11
0.72
1.53
1.43
0.34
0.63
2.05
1.05
0.51
2.19
3.71
0.19
1.87
2.28
0.26
1.69
1.39
1.27
1.04
0.27
1.3
2.32
1.5
1.23
-0.03
2.13
0.8
2.54
2.87
0.43
2.06
0.31
2.44
0.81
0.98
2.15
0.67
0.52
1.67
2.63
1.38
2.08
1.12
1.68
1.65
1.17
0.77
1.53
1.54
0.85
2.19
1.21
-0.09
0.89
1.2
1.89
0.3
0.4
0.27
2.2
1.82
1.29
0.4
1.34
2.04
1.96
0.14
0.98
0.24
1.55
0.4
0.5
1.04
0.49
1.46
0.88
1.39
1.5
0.76
1.4
1.41
0.08
0.85
0.69
0.82
2.08
1.59
3.27
0.13
1.09
1.35
2.02
0.69
0.32
0.05
1.32
0.8
1.29
0.34
2.34
1.08
0.37
0.38
1.89
-0.04
0.73
1.86
1.93
2.11
1.01
1.27
1.52
0.14
1.2
0.33
1.12
1.0
1.75
0.34
0.34
2.43
1.16
0.52
0.35
2.49
1.42
1.73
0.12
1.0
0.08
1.43
1.04
0.27
1.69
1.01
0.35
0.92
2.32
0.28
0.17
0.93
1.61
2.25
0.99
1.16
0.51
1.31
2.71
1.0
2.2
1.73
1.58
0.5
0.37
0.03
2.44
0.47
0.13
0.86
1.37
1.7
1.75
0.24
0.57
1.81
0.34
1.92
1.79
0.29
0.25
0.71
0.84
0.05
2.17
0.58
0.93
2.39
1.66
0.35
0.22
1.14
0.19
2.35
1.7
0.28
1.39
0.28
1.9
2.17
0.94
0.3
0.94
0.06
1.2
1.71
1.23
0.9
0.94
1.02
0.74
1.66
0.85
1.32
1.16
1.15
0.76
1.78
2.52
2.06
0.02
0.15
2.79
2.43
0.79
0.47
0.1
0.58
0.82
1.78
0.87
0.79
0.76
0.61
1.14
1.65
1.13
1.17
1.18
1.61
0.65
0.62
-0.02
1.79
0.35
0.19
0.33
0.3
1.23
0.78
0.15
1.08
1.19
1.52
0.59
1.34
0.6
1.91
1.75
1.0
1.36
0.85
2.03
0.69
0.31
0.72
3.16
0.18
0.85
0.16
1.92
0.79
0.02
0.51
0.26
2.57
1.17
1.16
0.18
0.87
2.2
0.7
1.46
1.74
1.34
2.1
1.5
1.41
0.65
1.46
0.09
1.96
0.04
0.37
0.8
1.28
2.41
1.03
0.89
0.32
1.28
0.69
0.31
0.38
0.95
1.32
-0.05
0.46
0.35
0.9
1.26
0.06
0.52
1.38
0.33
1.28
1.57
1.48
0.24
0.93
0.99
1.44
1.42
2.18
0.35
0.02
0.82
1.73
1.37
1.76
1.46
0.34
3.33
1.74
0.99
0.86
0.47
0.88
0.57
1.8
1.66
1.87
0.99
0.73
1.43
0.16
0.44
0.77
1.53
1.23
1.23
1.23
0.74
2.14
1.33
1.46
0.42
1.63
0.91
0.83
0.13
-0.0
0.02
2.37
1.05
0.99
0.1
0.79
0.73
0.12
0.97
0.67
0.85
0.2
2.6
0.03
1.38
1.42
1.11
1.39
0.98
1.81
1.43
0.41
1.06
0.34
1.15
0.16
1.72
1.48
0.38
0.71
0.3
0.09
0.33
0.35
0.93
0.06
0.19
0.76
1.79
0.05
1.38
0.25
1.14
1.0
0.88
0.26
1.53
0.52
2.19
1.35
1.17
1.66
1.46
1.31
2.37
0.13
1.85
-0.13
0.1
1.19
2.06
0.37
0.25
-0.08
1.82
0.15
1.68
0.75
1.42
0.87
1.19
0.9
0.87
2.15
3.24
0.68
0.79
1.02
1.92
1.31
1.11
2.89
1.01
0.54
0.89
0.89
0.0
0.07
1.07
1.12
1.12
1.28
0.15
1.22
0.48
0.05
1.01
0.01
1.87
1.16
1.62
1.93
0.91
0.25
0.38
1.63
1.29
0.09
1.96
0.97
0.42
0.11
2.56
1.39
0.91
0.96
0.72
1.07
1.22
0.08
1.53
1.34
0.2
0.96
0.11
-0.03
0.97
0.15
0.83
1.37
0.32
0.26
-0.01
1.73
2.31
0.93
0.97
0.08
1.73
0.87
0.08
1.35
0.87
1.43
0.48
0.9
0.53
1.22
0.9
1.93
2.46
2.08
0.31
2.02
0.83
1.08
2.4
0.5
0.73
0.34
3.11
2.17
0.56
0.97
0.17
0.23
0.26
0.37
0.32
3.25
0.63
2.26
0.96
0.35
1.41
1.1
0.3
0.96
0.8
0.86
1.21
1.48
1.85
2.2
1.66
1.01
0.52
0.84
0.44
1.87
1.91
0.54
1.97
1.08
0.94
1.28
0.92
0.9
2.4
1.07
1.69
1.61
0.92
2.0
2.05
1.27
0.5
0.14
0.67
1.78
1.56
1.01
1.02
0.1
1.82
2.12
0.2
0.28
0.89
1.05
0.93
0.07
0.97
0.34
0.74
1.31
0.2
2.33
0.66
1.61
0.78
0.18
2.17
2.02
0.29
1.13
1.27
1.73
0.81
0.07
0.08
1.15
0.08
1.42
1.95
0.86
0.24
-0.04
0.2
0.42
0.43
0.25
0.17
1.97
0.6
1.49
0.66
0.13
1.66
1.05
0.93
1.0
0.06
0.28
1.06
1.45
0.59
-0.01
0.16
0.09
0.46
2.17
1.4
0.22
0.39
1.2
0.66
0.08
1.07
