1.15
1.8
2.4
1.47
0.69
1.31
1.52
0.73
1.6
2.12
1.31
0.73
1.47
1.94
1.31
1.8
1.6
0.83
0.58
1.94
1.6
0.95
1.1
1.31
0.34
1.1
1.68
1.15
0.95
1.8
1.31
1.31
1.68
1.8
1.02
1.1
1.8
1.6
1.9
0.83
1.31
1.02
1.1
1.02
1.52
1.6
1.68
1.31
1.8
2.12
2.77
1.31
1.15
2.28
1.02
1.6
2.4
1.31
0.44
1.02
0.83
1.8
2.35
1.31
1.47
1.47
1.02
0.83
1.6
0.83
1.02
1.31
0.69
1.31
1.02
1.6
1.15
1.52
1.8
1.8
1.68
1.8
1.1
0.83
1.68
1.31
-0.14
0.5
0.83
1.52
2.28
1.6
0.83
1.1
1.1
1.31
1.8
1.6
2.77
0.18
1.15
1.52
1.8
0.95
2.19
1.02
1.94
0.83
1.1
1.8
1.52
1.6
1.02
2.12
1.94
2.19
0.83
1.52
1.6
1.68
0.83
1.1
0.95
2.77
1.31
1.15
0.83
0.5
1.02
0.83
1.6
1.52
0.69
1.02
0.44
1.6
1.02
1.8
1.02
1.47
1.68
1.15
1.52
1.6
1.15
1.1
1.94
1.68
0.34
1.02
1.68
1.15
1.1
1.31
0.83
0.69
1.31
1.52
1.31
0.83
0.95
0.44
1.31
1.6
1.68
1.47
1.52
1.52
1.02
0.83
2.35
1.47
1.6
1.8
1.9
1.6
1.31
1.6
1.31
0.34
1.8
1.31
1.47
2.19
0.83
1.31
1.9
1.52
0.58
1.1
0.44
1.94
1.6
1.8
1.6
2.28
-0.14
1.31
1.1
0.44
1.15
2.19
1.31
1.94
1.1
2.28
2.4
1.68
0.5
1.94
1.68
1.6
1.31
2.77
1.9
0.95
1.02
0.44
1.1
1.31
1.1
1.8
1.31
2.28
1.8
1.68
1.02
1.31
0.69
2.77
2.28
2.12
1.15
0.83
1.94
1.31
0.73
1.02
1.47
2.19
1.02
1.31
1.31
1.6
1.6
1.02
1.31
1.8
2.12
1.6
1.1
0.83
1.94
0.69
1.8
1.8
1.1
0.83
1.15
0.69
1.31
0.69
0.44
1.6
1.02
1.31
0.44
1.1
1.8
0.73
1.31
1.31
1.8
1.02
0.83
1.31
0.69
1.02
1.15
1.9
1.02
1.1
1.52
1.02
1.6
1.47
1.15
1.6
0.83
1.6
1.47
2.77
1.8
1.31
1.31
1.15
0.83
1.9
2.19
1.15
1.68
2.19
0.83
1.8
1.02
1.9
1.6
1.6
0.44
2.19
0.69
2.19
1.8
-0.14
2.28
-0.14
0.73
0.44
1.9
1.8
0.83
1.8
1.15
0.95
1.52
2.4
1.52
2.77
1.1
2.77
1.15
1.31
1.31
2.19
1.68
1.68
1.15
1.15
1.94
0.83
1.31
0.73
0.69
2.12
1.31
1.31
1.8
2.12
1.1
1.8
1.6
-0.14
1.31
1.68
1.31
0.95
1.31
1.94
1.47
1.31
1.94
1.94
1.31
1.02
1.31
2.12
1.02
1.31
0.5
0.83
0.44
1.31
2.77
1.47
1.47
0.73
1.8
1.68
2.19
2.12
2.77
1.02
2.19
2.28
1.02
1.31
1.1
1.15
0.73
1.15
1.6
2.4
1.8
1.31
0.22
2.77
1.15
2.45
2.48
1.9
1.02
1.1
2.19
1.6
2.19
2.04
1.15
1.68
1.1
1.68
1.6
1.68
1.02
1.31
1.52
1.02
0.95
2.04
1.1
0.69
1.6
1.31
-0.14
1.1
1.6
1.47
1.02
1.6
1.31
2.77
1.8
1.15
1.31
1.31
1.8
1.47
0.83
1.47
1.1
1.52
1.52
1.8
0.73
1.6
1.31
1.15
1.8
1.1
1.15
2.19
1.6
0.44
1.31
0.83
0.83
1.02
1.52
2.19
0.58
1.52
2.19
1.31
0.73
1.31
0.27
1.6
1.31
1.8
1.1
1.94
1.52
1.6
1.31
2.35
-0.14
0.27
1.9
1.02
2.28
1.1
1.31
2.19
0.58
1.8
1.31
1.94
1.1
1.47
1.1
1.02
1.52
2.35
1.8
1.1
1.8
0.95
1.15
0.44
1.47
0.27
0.73
1.31
1.02
1.52
2.12
1.1
1.1
1.94
1.02
1.02
1.1
2.19
2.28
2.12
1.02
1.6
1.15
1.8
1.1
2.28
1.15
2.12
1.52
1.52
0.15
1.31
1.6
0.44
1.1
1.6
1.52
1.47
0.95
1.8
1.31
1.31
1.8
1.52
1.1
1.02
1.02
0.69
0.44
2.77
0.5
1.31
1.52
1.1
1.31
0.69
1.8
0.73
1.52
2.04
1.1
1.8
1.02
1.47
1.68
0.83
1.31
1.31
0.34
1.94
1.94
1.31
1.47
1.31
0.83
0.95
1.52
0.95
1.6
1.02
1.02
0.34
1.31
2.12
1.31
0.44
0.44
2.04
2.19
0.95
1.31
0.58
0.73
0.69
1.31
1.1
0.95
1.15
0.83
1.8
1.1
1.8
1.31
0.83
1.02
2.19
0.83
-0.14
1.94
1.31
0.83
1.6
1.1
1.31
1.1
0.83
1.1
1.31
2.19
0.83
1.6
0.73
1.9
1.52
0.44
1.8
1.47
1.31
1.31
1.1
0.83
1.6
0.83
1.47
1.02
1.15
1.15
0.27
2.04
1.15
1.68
1.94
1.94
1.02
1.1
1.6
0.69
1.8
1.15
1.6
1.31
1.6
1.15
1.02
1.6
0.69
0.95
0.27
1.31
1.31
1.6
1.94
1.68
1.6
1.31
1.31
0.34
0.69
1.52
1.52
1.6
-0.14
1.6
1.1
0.83
1.6
0.44
1.6
1.02
1.31
1.6
2.19
1.68
0.58
1.47
2.12
1.47
0.69
1.9
1.31
0.44
1.15
1.52
1.6
1.47
1.9
1.31
2.19
1.31
1.31
0.83
1.52
0.34
0.73
1.47
1.31
2.28
1.68
0.58
1.6
0.83
1.6
1.31
2.19
1.94
1.31
1.31
1.02
1.52
1.8
2.19
1.31
2.19
0.83
0.95
0.34
0.27
0.18
1.52
1.31
1.31
0.44
0.69
0.27
0.69
1.31
2.19
0.95
0.83
2.12
0.44
2.19
0.69
1.31
1.15
0.44
1.47
1.47
1.8
1.31
1.31
1.31
0.5
1.6
1.1
1.47
0.83
1.02
0.58
1.52
1.31
1.9
0.5
0.83
1.02
1.31
0.69
2.19
1.31
2.12
1.68
1.9
1.02
1.68
1.6
2.04
0.95
1.31
1.52
1.8
1.15
2.4
0.44
1.94
-0.14
0.69
2.28
1.6
1.6
1.31
-0.14
1.31
1.02
1.6
0.83
1.47
1.31
1.31
1.31
1.68
1.6
2.48
0.83
0.69
1.31
1.47
1.94
2.04
2.19
1.02
0.18
0.83
1.31
0.18
0.44
1.02
1.02
1.94
1.6
0.58
1.15
1.6
0.34
1.52
0.27
1.47
1.6
1.1
1.8
1.52
1.02
1.1
2.04
2.28
0.44
1.31
1.52
1.8
0.69
2.19
1.47
1.47
1.31
0.69
1.8
1.15
0.58
1.52
1.6
1.02
1.8
0.83
0.34
1.52
1.02
1.6
2.28
1.31
1.52
0.44
1.94
2.4
1.68
1.1
0.34
0.83
1.1
0.34
1.15
1.31
1.47
2.04
0.44
0.22
1.6
0.34
1.94
1.52
1.6
1.02
1.02
0.95
1.31
2.19
0.5
1.02
1.31
2.77
1.6
0.58
0.44
1.02
1.02
1.15
1.6
1.31
1.6
0.22
1.6
1.1
1.31
1.9
2.04
1.02
1.31
0.95
0.83
0.58
1.1
1.94
1.6
1.52
2.12
0.18
1.6
1.52
1.47
1.31
1.8
1.8
2.04
1.47
1.15
0.44
1.8
1.52
0.44
1.52
2.04
0.44
1.31
2.12
1.15
1.6
0.73
1.15
1.52
1.68
1.8
1.31
0.83
0.95
2.28
0.95
1.1
0.83
0.73
1.8
0.69
1.31
1.6
1.31
1.6
1.15
2.19
0.73
1.68
0.95
0.83
1.52
1.8
1.02
1.52
1.6
1.6
0.95
0.27
0.44
2.12
0.44
1.8
2.35
1.31
1.1
0.34
1.02
1.31
1.6
1.02
0.34
1.02
1.02
1.1
0.95
0.58
2.77
1.31
1.47
1.8
0.44
1.31
0.44
1.8
0.58
0.44
0.58
0.44
1.8
1.68
1.6
1.6
1.31
1.6
2.77
0.58
1.52
